[9, 1, 2, 4]
[97344, 8, 92, 1058]
[16900, 25, 75, 225]
[10404, 36, 72, 144]
[576081, 81, 360, 1600]
[196112016, 432, 4392, 44652]
[6230016, 512, 1472, 4232]
[256160025, 1089, 6534, 39204]
[12006225, 1225, 2450, 4900]
[7322436, 1936, 2420, 3025]
[37344321, 3969, 5292, 7056]
[36869184, 5184, 5760, 6400]
[70963776, 5832, 7452, 9522]
[1380568336, 12544, 25872, 53361]
[1361388609, 21609, 30870, 44100]
[12551169024, 27648, 70272, 178608]
[13855173264, 41616, 83232, 166464]
[8534988225, 50625, 75600, 112896]
[9729849600, 50625, 78975, 123201]
[123383587600, 67600, 202800, 608400]
[16394241600, 69696, 104544, 156816]
[142965659664, 314928, 355752, 401868]
[547674002500, 521284, 658464, 831744]
Sum: 878454337159