[0, 0, 1]
[0, 1, 2]
[0, 2, 4]
[0, 3, 8]
[0, 4, 16]
[0, 5, 32]
[0, 6, 64]
[0, 7, 128]
[0, 8, 256]
[0, 9, 512]
[1, 0, 342]
[1, 1, 684]
[1, 2, 1110]
[1, 3, 1240]
[1, 4, 1600]
[1, 5, 1900]
[1, 6, 2374]
[1, 7, 2936]
[1, 8, 3498]
[1, 9, 4684]
[2, 0, 2997]
[2, 1, 5994]
[2, 2, 5423]
[2, 3, 6302]
[2, 4, 6185]
[2, 5, 7010]
[2, 6, 7297]
[2, 7, 7914]
[2, 8, 8645]
[2, 9, 8610]
[3, 0, 3755]
[3, 1, 7510]
[3, 2, 8287]
[3, 3, 8680]
[3, 4, 8867]
[3, 5, 9222]
[3, 6, 9243]
[3, 7, 9920]
[3, 8, 9691]
[3, 9, 10266]
[4, 0, 4621]
[4, 1, 9242]
[4, 2, 9463]
[4, 3, 10266]
[4, 4, 9863]
[4, 5, 10330]
[4, 6, 10013]
[4, 7, 10418]
[4, 8, 10021]
[4, 9, 10418]
[5, 0, 4639]
[5, 1, 9278]
[5, 2, 9565]
[5, 3, 10334]
[5, 4, 10009]
[5, 5, 10434]
[5, 6, 10035]
[5, 7, 10446]
[5, 8, 10035]
[5, 9, 10446]
[6, 0, 4653]
[6, 1, 9306]
[6, 2, 9579]
[6, 3, 10362]
[6, 4, 10023]
[6, 5, 10446]
[6, 6, 10035]
[6, 7, 10446]
[6, 8, 10035]
[6, 9, 10446]
[7, 0, 4653]
[7, 1, 9306]
[7, 2, 9579]
[7, 3, 10362]
[7, 4, 10023]
[7, 5, 10446]
[7, 6, 10035]
[7, 7, 10446]
[7, 8, 10035]
[7, 9, 10446]
[8, 0, 4653]
[8, 1, 9306]
[8, 2, 9579]
[8, 3, 10362]
[8, 4, 10023]
[8, 5, 10446]
[8, 6, 10035]
[8, 7, 10446]
[8, 8, 10035]
[8, 9, 10446]
[9, 0, 4653]
[9, 1, 3102]
[9, 2, 1551]
[9, 3, 570]
[9, 4, 213]
[9, 5, 80]
[9, 6, 31]
[9, 7, 12]
[9, 8, 5]
[9, 9, 2]
112398351350823112
 24.600000   0.060000  24.660000 ( 24.665963)
