[100000, 181396, 81397]
[200000, 329553, 129554]
[300000, 451054, 151055]
[400000, 550408, 150409]
[500000, 632094, 132097]
[600000, 698666, 102459]
[700000, 752880, 74704]
[800000, 797713, 53512]
[900000, 834469, 37867]
[1000000, 864399, 26539]
[1100000, 888814, 18468]
[1200000, 909174, 12876]
[1300000, 925748, 8921]
[1400000, 939298, 6318]
[1500000, 950297, 4419]
[1600000, 959271, 3130]
[1700000, 966538, 2153]
[1800000, 972618, 1470]
[1900000, 977624, 1022]
[2000000, 981660, 732]
[2100000, 984912, 521]
[2200000, 987687, 388]
[2300000, 989926, 247]
after 2325629 successful calls, pm group size: 990000
225
 15.870000   0.180000  16.050000 ( 16.086264)
