0/10
Prime limit: 400000
Limit: 1000000
[11, 17, 41, 73, 101, 137, 251, 271, 353, 401, 449, 641, 751, 1201, 1409, 1601, 3541, 4001, 4801, 5051, 9091, 16001, 19841, 21001, 21401, 24001, 25601, 27961, 37501, 43201, 60101, 62501, 69857, 76001, 160001, 162251]
36
861414
Time: 114.998324 seconds

factors of R(100):

[11, 41, 101, 251, 271, 3541, 5051, 9091, 21401, 25601, 27961, 60101]

R(10 ** 6): length: 36
[11, 17, 41, 73, 101, 137, 251, 271, 353, 401, 449, 641, 751, 1201, 1409, 1601, 3541, 4001, 4801, 5051, 9091, 16001, 19841, 21001, 21401, 24001, 25601, 27961, 37501, 43201, 60101, 62501, 69857, 76001, 160001, 162251]
36
861414

110 sec, one call limit = 10**6, step size = 10**4
