nma@C02JL01KDKQ4 p156 (master %)$ java -cp bin Agent
0
1 0 digit: 1
1 0 digit: 2
1 0 digit: 3
1 0 digit: 4
1 0 digit: 5
1 0 digit: 6
1 0 digit: 7
1 0 digit: 8
1 0 digit: 9
2 1 digit: 1
3 199981 digit: 1
4 199982 digit: 1
5 199983 digit: 1
6 199984 digit: 1
7 199985 digit: 1
8 199986 digit: 1
9 199987 digit: 1
10 199988 digit: 1
11 199989 digit: 1
12 199990 digit: 1
13 200000 digit: 1
14 200001 digit: 1
15 1599981 digit: 1
16 1599982 digit: 1
17 1599983 digit: 1
18 1599984 digit: 1
19 1599985 digit: 1
20 1599986 digit: 1
21 1599987 digit: 1
22 1599988 digit: 1
23 1599989 digit: 1
24 1599990 digit: 1
25 2600000 digit: 1
26 2600001 digit: 1
27 13199998 digit: 1
28 28263827 digit: 2
29 35000000 digit: 1
29 35000000 digit: 2
30 35000001 digit: 1
31 35199981 digit: 1
32 35199982 digit: 1
33 35199983 digit: 1
34 35199984 digit: 1
35 35199985 digit: 1
36 35199986 digit: 1
37 35199987 digit: 1
38 35199988 digit: 1
39 35199989 digit: 1
40 35199990 digit: 1
41 35200000 digit: 1
42 35200001 digit: 1
43 117463825 digit: 1
44 242463827 digit: 2
45 371599983 digit: 3
46 371599984 digit: 3
47 371599985 digit: 3
48 371599986 digit: 3
49 371599987 digit: 3
50 371599988 digit: 3
51 371599989 digit: 3
52 371599990 digit: 3
53 371599991 digit: 3
54 371599992 digit: 3
55 499999984 digit: 4
56 499999985 digit: 4
57 499999986 digit: 4
58 499999987 digit: 4
59 499999988 digit: 4
60 499999989 digit: 4
61 499999990 digit: 4
62 499999991 digit: 4
63 499999992 digit: 4
64 499999993 digit: 4
65 500000000 digit: 1
65 500000000 digit: 2
65 500000000 digit: 3
65 500000000 digit: 4
66 500000001 digit: 1
67 500199981 digit: 1
68 500199982 digit: 1
69 500199983 digit: 1
70 500199984 digit: 1
71 500199985 digit: 1
72 500199986 digit: 1
73 500199987 digit: 1
74 500199988 digit: 1
75 500199989 digit: 1
76 500199990 digit: 1
77 500200000 digit: 1
78 500200001 digit: 1
79 501599981 digit: 1
80 501599982 digit: 1
81 501599983 digit: 1
82 501599984 digit: 1
83 501599985 digit: 1
84 501599986 digit: 1
85 501599987 digit: 1
86 501599988 digit: 1
87 501599989 digit: 1
88 501599990 digit: 1
89 502600000 digit: 1
90 502600001 digit: 1
91 513199998 digit: 1
92 528263827 digit: 2
93 535000000 digit: 1
93 535000000 digit: 2
94 535000001 digit: 1
95 535199981 digit: 1
96 535199982 digit: 1
97 535199983 digit: 1
98 535199984 digit: 1
99 535199985 digit: 1
100 535199986 digit: 1
101 535199987 digit: 1
102 535199988 digit: 1
103 535199989 digit: 1
104 535199990 digit: 1
105 535200000 digit: 1
106 535200001 digit: 1
1000000000
107 1111111110 digit: 1
2000000000
3000000000
4000000000
5000000000
6000000000
7000000000
8000000000
9000000000
108 9465000000 digit: 7
108 9465000000 digit: 8
109 9471736170 digit: 7
110 9486799989 digit: 8
111 9486799990 digit: 8
112 9486799991 digit: 8
113 9486799992 digit: 8
114 9486799993 digit: 8
115 9486799994 digit: 8
116 9486799995 digit: 8
117 9486799996 digit: 8
118 9486799997 digit: 8
119 9497400000 digit: 8
120 9498399989 digit: 8
121 9498399990 digit: 8
122 9498399991 digit: 8
123 9498399992 digit: 8
124 9498399993 digit: 8
125 9498399994 digit: 8
126 9498399995 digit: 8
127 9498399996 digit: 8
128 9498399997 digit: 8
129 9500000000 digit: 6
129 9500000000 digit: 7
129 9500000000 digit: 8
130 9628399986 digit: 6
131 9628399987 digit: 6
132 9628399988 digit: 6
133 9628399989 digit: 6
134 9628399990 digit: 6
135 9628399991 digit: 6
136 9628399992 digit: 6
137 9628399993 digit: 6
138 9628399994 digit: 6
139 9628399995 digit: 6
140 9757536170 digit: 7
141 9882536171 digit: 8
142 9965000000 digit: 7
142 9965000000 digit: 8
143 9971736170 digit: 7
144 9986799989 digit: 8
145 9986799990 digit: 8
146 9986799991 digit: 8
147 9986799992 digit: 8
148 9986799993 digit: 8
149 9986799994 digit: 8
150 9986799995 digit: 8
151 9986799996 digit: 8
152 9986799997 digit: 8
153 9997400000 digit: 8
154 9998399989 digit: 8
155 9998399990 digit: 8
156 9998399991 digit: 8
157 9998399992 digit: 8
158 9998399993 digit: 8
159 9998399994 digit: 8
160 9998399995 digit: 8
161 9998399996 digit: 8
162 9998399997 digit: 8
10000000000
163 10000000000 digit: 2
163 10000000000 digit: 3
163 10000000000 digit: 4
163 10000000000 digit: 5
163 10000000000 digit: 6
163 10000000000 digit: 7
163 10000000000 digit: 8
163 10000000000 digit: 9
164 10028263827 digit: 2
165 10035000000 digit: 2
166 10242463827 digit: 2
167 10371599983 digit: 3
168 10371599984 digit: 3
169 10371599985 digit: 3
170 10371599986 digit: 3
171 10371599987 digit: 3
172 10371599988 digit: 3
173 10371599989 digit: 3
174 10371599990 digit: 3
175 10371599991 digit: 3
176 10371599992 digit: 3
177 10499999984 digit: 4
178 10499999985 digit: 4
179 10499999986 digit: 4
180 10499999987 digit: 4
181 10499999988 digit: 4
182 10499999989 digit: 4
183 10499999990 digit: 4
184 10499999991 digit: 4
185 10499999992 digit: 4
186 10499999993 digit: 4
187 10500000000 digit: 2
187 10500000000 digit: 3
187 10500000000 digit: 4
188 10528263827 digit: 2
189 10535000000 digit: 2
11000000000
12000000000
13000000000
14000000000
15000000000
16000000000
17000000000
18000000000
19000000000
190 19465000000 digit: 7
190 19465000000 digit: 8
191 19471736170 digit: 7
192 19486799989 digit: 8
193 19486799990 digit: 8
194 19486799991 digit: 8
195 19486799992 digit: 8
196 19486799993 digit: 8
197 19486799994 digit: 8
198 19486799995 digit: 8
199 19486799996 digit: 8
200 19486799997 digit: 8
201 19497400000 digit: 8
202 19498399989 digit: 8
203 19498399990 digit: 8
204 19498399991 digit: 8
205 19498399992 digit: 8
206 19498399993 digit: 8
207 19498399994 digit: 8
208 19498399995 digit: 8
209 19498399996 digit: 8
210 19498399997 digit: 8
211 19500000000 digit: 6
211 19500000000 digit: 7
211 19500000000 digit: 8
212 19628399986 digit: 6
213 19628399987 digit: 6
214 19628399988 digit: 6
215 19628399989 digit: 6
216 19628399990 digit: 6
217 19628399991 digit: 6
218 19628399992 digit: 6
219 19628399993 digit: 6
220 19628399994 digit: 6
221 19628399995 digit: 6
222 19757536170 digit: 7
223 19882536171 digit: 8
224 19965000000 digit: 7
224 19965000000 digit: 8
225 19971736170 digit: 7
226 19986799989 digit: 8
227 19986799990 digit: 8
228 19986799991 digit: 8
229 19986799992 digit: 8
230 19986799993 digit: 8
231 19986799994 digit: 8
232 19986799995 digit: 8
233 19986799996 digit: 8
234 19986799997 digit: 8
235 19997400000 digit: 8
236 19998399989 digit: 8
237 19998399990 digit: 8
238 19998399991 digit: 8
239 19998399992 digit: 8
240 19998399993 digit: 8
241 19998399994 digit: 8
242 19998399995 digit: 8
243 19998399996 digit: 8
244 19998399997 digit: 8
20000000000
245 20000000000 digit: 3
245 20000000000 digit: 4
245 20000000000 digit: 5
245 20000000000 digit: 6
245 20000000000 digit: 7
245 20000000000 digit: 8
245 20000000000 digit: 9
246 20371599983 digit: 3
247 20371599984 digit: 3
248 20371599985 digit: 3
249 20371599986 digit: 3
250 20371599987 digit: 3
251 20371599988 digit: 3
252 20371599989 digit: 3
253 20371599990 digit: 3
254 20371599991 digit: 3
255 20371599992 digit: 3
256 20499999984 digit: 4
257 20499999985 digit: 4
258 20499999986 digit: 4
259 20499999987 digit: 4
260 20499999988 digit: 4
261 20499999989 digit: 4
262 20499999990 digit: 4
263 20499999991 digit: 4
264 20499999992 digit: 4
265 20499999993 digit: 4
266 20500000000 digit: 3
266 20500000000 digit: 4
21000000000
22000000000
23000000000
24000000000
25000000000
26000000000
27000000000
28000000000
29000000000
267 29465000000 digit: 7
267 29465000000 digit: 8
268 29471736170 digit: 7
269 29486799989 digit: 8
270 29486799990 digit: 8
271 29486799991 digit: 8
272 29486799992 digit: 8
273 29486799993 digit: 8
274 29486799994 digit: 8
275 29486799995 digit: 8
276 29486799996 digit: 8
277 29486799997 digit: 8
278 29497400000 digit: 8
279 29498399989 digit: 8
280 29498399990 digit: 8
281 29498399991 digit: 8
282 29498399992 digit: 8
283 29498399993 digit: 8
284 29498399994 digit: 8
285 29498399995 digit: 8
286 29498399996 digit: 8
287 29498399997 digit: 8
288 29500000000 digit: 6
288 29500000000 digit: 7
288 29500000000 digit: 8
289 29628399986 digit: 6
290 29628399987 digit: 6
291 29628399988 digit: 6
292 29628399989 digit: 6
293 29628399990 digit: 6
294 29628399991 digit: 6
295 29628399992 digit: 6
296 29628399993 digit: 6
297 29628399994 digit: 6
298 29628399995 digit: 6
299 29757536170 digit: 7
300 29882536171 digit: 8
301 29965000000 digit: 7
301 29965000000 digit: 8
302 29971736170 digit: 7
303 29986799989 digit: 8
304 29986799990 digit: 8
305 29986799991 digit: 8
306 29986799992 digit: 8
307 29986799993 digit: 8
308 29986799994 digit: 8
309 29986799995 digit: 8
310 29986799996 digit: 8
311 29986799997 digit: 8
312 29997400000 digit: 8
313 29998399989 digit: 8
314 29998399990 digit: 8
315 29998399991 digit: 8
316 29998399992 digit: 8
317 29998399993 digit: 8
318 29998399994 digit: 8
319 29998399995 digit: 8
320 29998399996 digit: 8
321 29998399997 digit: 8
30000000000
322 30000000000 digit: 4
322 30000000000 digit: 5
322 30000000000 digit: 6
322 30000000000 digit: 7
322 30000000000 digit: 8
322 30000000000 digit: 9
323 30499999984 digit: 4
324 30499999985 digit: 4
325 30499999986 digit: 4
326 30499999987 digit: 4
327 30499999988 digit: 4
328 30499999989 digit: 4
329 30499999990 digit: 4
330 30499999991 digit: 4
331 30499999992 digit: 4
332 30499999993 digit: 4
333 30500000000 digit: 4
31000000000
32000000000
33000000000
34000000000
35000000000
36000000000
37000000000
38000000000
39000000000
334 39465000000 digit: 7
334 39465000000 digit: 8
335 39471736170 digit: 7
336 39486799989 digit: 8
337 39486799990 digit: 8
338 39486799991 digit: 8
339 39486799992 digit: 8
340 39486799993 digit: 8
341 39486799994 digit: 8
342 39486799995 digit: 8
343 39486799996 digit: 8
344 39486799997 digit: 8
345 39497400000 digit: 8
346 39498399989 digit: 8
347 39498399990 digit: 8
348 39498399991 digit: 8
349 39498399992 digit: 8
350 39498399993 digit: 8
351 39498399994 digit: 8
352 39498399995 digit: 8
353 39498399996 digit: 8
354 39498399997 digit: 8
355 39500000000 digit: 6
355 39500000000 digit: 7
355 39500000000 digit: 8
356 39628399986 digit: 6
357 39628399987 digit: 6
358 39628399988 digit: 6
359 39628399989 digit: 6
360 39628399990 digit: 6
361 39628399991 digit: 6
362 39628399992 digit: 6
363 39628399993 digit: 6
364 39628399994 digit: 6
365 39628399995 digit: 6
366 39757536170 digit: 7
367 39882536171 digit: 8
368 39965000000 digit: 7
368 39965000000 digit: 8
369 39971736170 digit: 7
370 39986799989 digit: 8
371 39986799990 digit: 8
372 39986799991 digit: 8
373 39986799992 digit: 8
374 39986799993 digit: 8
375 39986799994 digit: 8
376 39986799995 digit: 8
377 39986799996 digit: 8
378 39986799997 digit: 8
379 39997400000 digit: 8
380 39998399989 digit: 8
381 39998399990 digit: 8
382 39998399991 digit: 8
383 39998399992 digit: 8
384 39998399993 digit: 8
385 39998399994 digit: 8
386 39998399995 digit: 8
387 39998399996 digit: 8
388 39998399997 digit: 8
40000000000
389 40000000000 digit: 5
389 40000000000 digit: 6
389 40000000000 digit: 7
389 40000000000 digit: 8
389 40000000000 digit: 9
41000000000
42000000000
43000000000
44000000000
45000000000
46000000000
47000000000
48000000000
49000000000
390 49465000000 digit: 7
390 49465000000 digit: 8
391 49471736170 digit: 7
392 49486799989 digit: 8
393 49486799990 digit: 8
394 49486799991 digit: 8
395 49486799992 digit: 8
396 49486799993 digit: 8
397 49486799994 digit: 8
398 49486799995 digit: 8
399 49486799996 digit: 8
400 49486799997 digit: 8
401 49497400000 digit: 8
402 49498399989 digit: 8
403 49498399990 digit: 8
404 49498399991 digit: 8
405 49498399992 digit: 8
406 49498399993 digit: 8
407 49498399994 digit: 8
408 49498399995 digit: 8
409 49498399996 digit: 8
410 49498399997 digit: 8
411 49500000000 digit: 6
411 49500000000 digit: 7
411 49500000000 digit: 8
412 49628399986 digit: 6
413 49628399987 digit: 6
414 49628399988 digit: 6
415 49628399989 digit: 6
416 49628399990 digit: 6
417 49628399991 digit: 6
418 49628399992 digit: 6
419 49628399993 digit: 6
420 49628399994 digit: 6
421 49628399995 digit: 6
422 49757536170 digit: 7
423 49882536171 digit: 8
424 49965000000 digit: 7
424 49965000000 digit: 8
425 49971736170 digit: 7
426 49986799989 digit: 8
427 49986799990 digit: 8
428 49986799991 digit: 8
429 49986799992 digit: 8
430 49986799993 digit: 8
431 49986799994 digit: 8
432 49986799995 digit: 8
433 49986799996 digit: 8
434 49986799997 digit: 8
435 49997400000 digit: 8
436 49998399989 digit: 8
437 49998399990 digit: 8
438 49998399991 digit: 8
439 49998399992 digit: 8
440 49998399993 digit: 8
441 49998399994 digit: 8
442 49998399995 digit: 8
443 49998399996 digit: 8
444 49998399997 digit: 8
50000000000
445 50000000000 digit: 6
445 50000000000 digit: 7
445 50000000000 digit: 8
445 50000000000 digit: 9
51000000000
52000000000
53000000000
54000000000
55000000000
56000000000
57000000000
58000000000
59000000000
446 59465000000 digit: 7
446 59465000000 digit: 8
447 59471736170 digit: 7
448 59486799989 digit: 8
449 59486799990 digit: 8
450 59486799991 digit: 8
451 59486799992 digit: 8
452 59486799993 digit: 8
453 59486799994 digit: 8
454 59486799995 digit: 8
455 59486799996 digit: 8
456 59486799997 digit: 8
457 59497400000 digit: 8
458 59498399989 digit: 8
459 59498399990 digit: 8
460 59498399991 digit: 8
461 59498399992 digit: 8
462 59498399993 digit: 8
463 59498399994 digit: 8
464 59498399995 digit: 8
465 59498399996 digit: 8
466 59498399997 digit: 8
467 59500000000 digit: 6
467 59500000000 digit: 7
467 59500000000 digit: 8
468 59628399986 digit: 6
469 59628399987 digit: 6
470 59628399988 digit: 6
471 59628399989 digit: 6
472 59628399990 digit: 6
473 59628399991 digit: 6
474 59628399992 digit: 6
475 59628399993 digit: 6
476 59628399994 digit: 6
477 59628399995 digit: 6
478 59757536170 digit: 7
479 59882536171 digit: 8
480 59965000000 digit: 7
480 59965000000 digit: 8
481 59971736170 digit: 7
482 59986799989 digit: 8
483 59986799990 digit: 8
484 59986799991 digit: 8
485 59986799992 digit: 8
486 59986799993 digit: 8
487 59986799994 digit: 8
488 59986799995 digit: 8
489 59986799996 digit: 8
490 59986799997 digit: 8
491 59997400000 digit: 8
492 59998399989 digit: 8
493 59998399990 digit: 8
494 59998399991 digit: 8
495 59998399992 digit: 8
496 59998399993 digit: 8
497 59998399994 digit: 8
498 59998399995 digit: 8
499 59998399996 digit: 8
500 59998399997 digit: 8
60000000000
501 60000000000 digit: 7
501 60000000000 digit: 8
501 60000000000 digit: 9
61000000000
62000000000
63000000000
64000000000
65000000000
66000000000
67000000000
68000000000
69000000000
502 69465000000 digit: 7
502 69465000000 digit: 8
503 69471736170 digit: 7
504 69486799989 digit: 8
505 69486799990 digit: 8
506 69486799991 digit: 8
507 69486799992 digit: 8
508 69486799993 digit: 8
509 69486799994 digit: 8
510 69486799995 digit: 8
511 69486799996 digit: 8
512 69486799997 digit: 8
513 69497400000 digit: 8
514 69498399989 digit: 8
515 69498399990 digit: 8
516 69498399991 digit: 8
517 69498399992 digit: 8
518 69498399993 digit: 8
519 69498399994 digit: 8
520 69498399995 digit: 8
521 69498399996 digit: 8
522 69498399997 digit: 8
523 69500000000 digit: 7
523 69500000000 digit: 8
524 69757536170 digit: 7
525 69882536171 digit: 8
526 69965000000 digit: 7
526 69965000000 digit: 8
527 69971736170 digit: 7
528 69986799989 digit: 8
529 69986799990 digit: 8
530 69986799991 digit: 8
531 69986799992 digit: 8
532 69986799993 digit: 8
533 69986799994 digit: 8
534 69986799995 digit: 8
535 69986799996 digit: 8
536 69986799997 digit: 8
537 69997400000 digit: 8
538 69998399989 digit: 8
539 69998399990 digit: 8
540 69998399991 digit: 8
541 69998399992 digit: 8
542 69998399993 digit: 8
543 69998399994 digit: 8
544 69998399995 digit: 8
545 69998399996 digit: 8
546 69998399997 digit: 8
70000000000
547 70000000000 digit: 8
547 70000000000 digit: 9
71000000000
72000000000
73000000000
74000000000
75000000000
76000000000
77000000000
78000000000
79000000000
548 79465000000 digit: 8
549 79486799989 digit: 8
550 79486799990 digit: 8
551 79486799991 digit: 8
552 79486799992 digit: 8
553 79486799993 digit: 8
554 79486799994 digit: 8
555 79486799995 digit: 8
556 79486799996 digit: 8
557 79486799997 digit: 8
558 79497400000 digit: 8
559 79498399989 digit: 8
560 79498399990 digit: 8
561 79498399991 digit: 8
562 79498399992 digit: 8
563 79498399993 digit: 8
564 79498399994 digit: 8
565 79498399995 digit: 8
566 79498399996 digit: 8
567 79498399997 digit: 8
568 79500000000 digit: 8
569 79882536171 digit: 8
570 79965000000 digit: 8
571 79986799989 digit: 8
572 79986799990 digit: 8
573 79986799991 digit: 8
574 79986799992 digit: 8
575 79986799993 digit: 8
576 79986799994 digit: 8
577 79986799995 digit: 8
578 79986799996 digit: 8
579 79986799997 digit: 8
580 79997400000 digit: 8
581 79998399989 digit: 8
582 79998399990 digit: 8
583 79998399991 digit: 8
584 79998399992 digit: 8
585 79998399993 digit: 8
586 79998399994 digit: 8
587 79998399995 digit: 8
588 79998399996 digit: 8
589 79998399997 digit: 8
80000000000
590 80000000000 digit: 9
21295121502550
Elapsed Time: 8314.424000 seconds
