Answer: 301

nma@C02JL01KDKQ4 p152 (master *)$ ruby main.rb 
Last number: 34. Current total: 0
Last number: 35. Current total: 0
Found: [2, 3, 4, 5, 7, 12, 15, 20, 28, 35]
Last number: 36. Current total: 1
Last number: 37. Current total: 1
Last number: 38. Current total: 1
Last number: 39. Current total: 1
Last number: 40. Current total: 1
Last number: 41. Current total: 1
Last number: 42. Current total: 1
Last number: 43. Current total: 1
Last number: 44. Current total: 1
Last number: 45. Current total: 1
Found: [2, 3, 4, 6, 7, 9, 12, 15, 28, 30, 35, 36, 45]
Found: [2, 3, 4, 6, 7, 9, 10, 20, 28, 35, 36, 45]
Last number: 46. Current total: 3
Last number: 47. Current total: 3
Last number: 48. Current total: 3
Last number: 49. Current total: 3
Last number: 50. Current total: 3
Last number: 51. Current total: 3
Last number: 52. Current total: 3
Found: [2, 3, 4, 5, 7, 13, 15, 20, 28, 35, 39, 52]
Found: [2, 3, 4, 5, 7, 12, 13, 28, 35, 39, 52]
Found: [2, 3, 4, 5, 10, 12, 13, 14, 15, 28, 30, 39, 42, 52]
Found: [2, 3, 4, 6, 7, 12, 13, 14, 15, 20, 21, 39, 52]
Found: [2, 3, 4, 6, 7, 9, 13, 15, 28, 30, 35, 36, 39, 45, 52]
Last number: 53. Current total: 8
Last number: 54. Current total: 8
Last number: 55. Current total: 8
Last number: 56. Current total: 8
Found: [2, 3, 4, 6, 8, 9, 10, 20, 21, 24, 30, 35, 36, 40, 45, 56]
Found: [2, 3, 4, 5, 8, 13, 15, 20, 21, 24, 30, 35, 39, 40, 52, 56]
Found: [2, 3, 4, 5, 8, 12, 13, 21, 24, 30, 35, 39, 40, 52, 56]
Found: [2, 3, 4, 5, 8, 12, 15, 20, 21, 24, 30, 35, 40, 56]
Found: [2, 3, 4, 5, 8, 13, 14, 21, 24, 28, 30, 35, 39, 40, 42, 52, 56]
Found: [2, 3, 4, 5, 8, 14, 15, 20, 21, 24, 28, 30, 35, 40, 42, 56]
Found: [2, 3, 4, 5, 8, 12, 14, 21, 24, 28, 30, 35, 40, 42, 56]
Queue length: 16. Visited 1000000 states. Current state: [3, 7, 11, 13, 18, 20, 22, 27, 28, 39, 40, 42, 44, 45, 52, 55, 56]
Found: [2, 3, 4, 6, 7, 8, 13, 24, 28, 30, 39, 40, 42, 52, 56]
Found: [2, 3, 4, 6, 7, 8, 15, 20, 24, 28, 30, 40, 42, 56]
Found: [2, 3, 4, 6, 7, 8, 12, 24, 28, 30, 40, 42, 56]
Found: [2, 3, 5, 6, 7, 8, 9, 10, 13, 24, 28, 36, 39, 40, 42, 45, 52, 56]
Found: [2, 3, 5, 6, 7, 8, 9, 10, 15, 20, 24, 28, 36, 40, 42, 45, 56]
Found: [2, 3, 5, 6, 7, 8, 9, 10, 12, 24, 28, 36, 40, 42, 45, 56]
Last number: 57. Current total: 21
Last number: 58. Current total: 21
Last number: 59. Current total: 21
Last number: 60. Current total: 21
Found: [2, 3, 4, 6, 7, 9, 13, 14, 21, 36, 39, 45, 52, 60]
Found: [2, 3, 4, 6, 7, 9, 12, 14, 21, 36, 45, 60]
Found: [2, 3, 4, 6, 7, 9, 14, 15, 20, 21, 36, 45, 60]
Found: [2, 3, 4, 7, 8, 9, 12, 13, 15, 20, 24, 28, 30, 36, 39, 40, 42, 45, 52, 56, 60]
Found: [2, 3, 4, 6, 7, 10, 13, 14, 20, 21, 30, 39, 52, 60]
Found: [2, 3, 4, 6, 7, 10, 12, 14, 20, 21, 30, 60]
Found: [2, 3, 4, 5, 7, 9, 28, 35, 36, 45, 60]
Found: [2, 3, 4, 5, 8, 9, 21, 24, 30, 35, 36, 40, 45, 56, 60]
Queue length: 6. Visited 1000000 states. Current state: [5, 7, 14, 15, 20, 35, 42, 49, 60]
Found: [2, 3, 4, 5, 7, 10, 20, 28, 30, 35, 60]
Found: [2, 3, 4, 5, 9, 10, 14, 15, 28, 30, 36, 42, 45, 60]
Found: [2, 3, 4, 5, 9, 10, 13, 15, 30, 36, 39, 45, 52, 60]
Found: [2, 3, 4, 5, 9, 10, 12, 15, 30, 36, 45, 60]
Found: [2, 3, 5, 6, 7, 9, 10, 12, 13, 14, 15, 21, 30, 36, 39, 45, 52, 60]
Last number: 61. Current total: 34
Last number: 62. Current total: 34
Last number: 63. Current total: 34
Found: [2, 3, 4, 5, 10, 12, 13, 15, 18, 21, 30, 39, 42, 45, 52, 60, 63]
Found: [2, 3, 4, 5, 10, 12, 13, 15, 18, 21, 30, 36, 39, 42, 52, 63]
Queue length: 15. Visited 1000000 states. Current state: [3, 5, 6, 11, 21, 25, 27, 30, 42, 44, 45, 55, 63]
Queue length: 17. Visited 2000000 states. Current state: [3, 6, 9, 10, 12, 13, 21, 22, 24, 25, 27, 36, 39, 40, 42, 48, 50, 52, 55, 60, 63]
Found: [2, 3, 4, 6, 8, 10, 13, 14, 18, 20, 24, 30, 35, 39, 40, 45, 52, 56, 63]
Found: [2, 3, 4, 6, 8, 10, 12, 14, 18, 20, 24, 30, 35, 40, 45, 56, 63]
Found: [2, 3, 4, 5, 8, 13, 14, 18, 24, 30, 35, 39, 40, 45, 52, 56, 60, 63]
Found: [2, 3, 4, 5, 8, 13, 14, 18, 24, 30, 35, 36, 39, 40, 52, 56, 63]
Found: [2, 3, 4, 5, 8, 14, 15, 18, 20, 24, 30, 35, 40, 45, 56, 60, 63]
Found: [2, 3, 4, 5, 8, 14, 15, 18, 20, 24, 30, 35, 36, 40, 56, 63]
Found: [2, 3, 4, 5, 8, 12, 14, 18, 24, 30, 35, 40, 45, 56, 60, 63]
Found: [2, 3, 4, 5, 8, 12, 14, 18, 24, 30, 35, 36, 40, 56, 63]
Queue length: 17. Visited 3000000 states. Current state: [3, 5, 9, 10, 12, 13, 14, 18, 20, 24, 25, 27, 35, 36, 39, 48, 52, 55, 56, 60, 63]
Found: [2, 3, 4, 6, 7, 12, 13, 15, 18, 21, 28, 30, 35, 39, 42, 45, 52, 63]
Found: [2, 3, 4, 6, 7, 10, 13, 18, 20, 21, 28, 35, 39, 42, 45, 52, 63]
Found: [2, 3, 4, 6, 7, 10, 12, 18, 20, 21, 28, 35, 42, 45, 63]
Found: [2, 3, 4, 5, 7, 13, 18, 21, 28, 35, 39, 42, 45, 52, 60, 63]
Found: [2, 3, 4, 5, 7, 13, 18, 21, 28, 35, 36, 39, 42, 52, 63]
Queue length: 19. Visited 4000000 states. Current state: [3, 5, 7, 13, 18, 21, 22, 28, 30, 35, 36, 39, 40, 42, 52, 55, 60, 63]
Found: [2, 3, 4, 5, 7, 15, 18, 20, 21, 28, 35, 42, 45, 60, 63]
Found: [2, 3, 4, 5, 7, 15, 18, 20, 21, 28, 35, 36, 42, 63]
Found: [2, 3, 4, 5, 7, 12, 18, 21, 28, 35, 42, 45, 60, 63]
Found: [2, 3, 4, 5, 7, 12, 18, 21, 28, 35, 36, 42, 63]
Queue length: 11. Visited 5000000 states. Current state: [3, 5, 6, 7, 9, 10, 21, 24, 28, 30, 35, 42, 60, 63]
Last number: 64. Current total: 53
Queue length: 16. Visited 1000000 states. Current state: [2, 3, 5, 8, 10, 19, 24, 27, 36, 38, 40, 45, 48, 57, 64]
Queue length: 19. Visited 2000000 states. Current state: [2, 3, 5, 6, 7, 10, 11, 13, 20, 21, 22, 28, 35, 36, 39, 40, 42, 50, 52, 54, 55, 60, 63, 64]
Queue length: 14. Visited 3000000 states. Current state: [2, 3, 5, 6, 7, 10, 11, 13, 15, 18, 24, 27, 28, 30, 35, 36, 39, 40, 50, 52, 54, 55, 60, 64]
Queue length: 21. Visited 4000000 states. Current state: [2, 3, 5, 6, 11, 12, 13, 14, 18, 20, 24, 35, 36, 39, 48, 50, 52, 55, 56, 60, 63, 64]
Queue length: 19. Visited 5000000 states. Current state: [2, 3, 5, 6, 7, 9, 11, 20, 25, 27, 28, 35, 44, 48, 54, 55, 60, 64]
Queue length: 18. Visited 6000000 states. Current state: [2, 3, 5, 6, 9, 10, 13, 14, 18, 24, 27, 28, 39, 40, 42, 45, 48, 52, 63, 64]
Queue length: 19. Visited 7000000 states. Current state: [2, 3, 6, 9, 10, 11, 12, 13, 20, 25, 27, 39, 48, 52, 55, 60, 64]
Queue length: 12. Visited 8000000 states. Current state: [2, 3, 5, 6, 9, 12, 14, 18, 24, 25, 28, 36, 40, 42, 45, 55, 64]
Queue length: 11. Visited 9000000 states. Current state: [2, 3, 5, 6, 7, 9, 10, 12, 13, 15, 20, 28, 36, 39, 40, 42, 45, 48, 52, 56, 64]
Queue length: 21. Visited 10000000 states. Current state: [2, 3, 4, 5, 11, 13, 16, 18, 20, 27, 39, 50, 52, 54, 55, 60, 64]
Queue length: 21. Visited 11000000 states. Current state: [2, 3, 4, 7, 9, 13, 14, 21, 24, 25, 27, 39, 48, 50, 52, 55, 60, 64]
Queue length: 9. Visited 12000000 states. Current state: [2, 3, 4, 7, 11, 12, 14, 15, 18, 20, 21, 22, 24, 25, 30, 33, 40, 44, 55, 64]
Queue length: 8. Visited 13000000 states. Current state: [2, 3, 4, 5, 9, 12, 15, 20, 21, 35, 49, 56, 63, 64]
Queue length: 19. Visited 14000000 states. Current state: [2, 3, 4, 7, 8, 18, 20, 24, 27, 35, 36, 48, 60, 64]
Queue length: 19. Visited 15000000 states. Current state: [2, 3, 4, 8, 9, 13, 16, 18, 20, 24, 39, 40, 48, 52, 54, 60, 64]
Queue length: 13. Visited 16000000 states. Current state: [2, 3, 4, 7, 8, 11, 12, 13, 14, 21, 24, 27, 36, 39, 40, 45, 52, 55, 64]
Queue length: 18. Visited 17000000 states. Current state: [2, 3, 4, 7, 8, 9, 12, 18, 36, 48, 54, 63, 64]
Queue length: 8. Visited 18000000 states. Current state: [2, 4, 5, 6, 7, 9, 10, 11, 14, 20, 21, 22, 24, 25, 27, 30, 33, 40, 55, 64]
Queue length: 12. Visited 19000000 states. Current state: [2, 3, 4, 6, 11, 18, 22, 27, 30, 50, 55, 64]
Queue length: 18. Visited 20000000 states. Current state: [2, 3, 4, 6, 12, 13, 20, 25, 27, 36, 39, 48, 52, 60, 64]
Queue length: 14. Visited 21000000 states. Current state: [2, 3, 4, 6, 12, 14, 15, 20, 24, 27, 28, 35, 36, 48, 49, 56, 63, 64]
Queue length: 17. Visited 22000000 states. Current state: [2, 3, 4, 6, 9, 10, 13, 18, 20, 21, 24, 25, 39, 42, 48, 52, 60, 63, 64]
Queue length: 15. Visited 23000000 states. Current state: [2, 3, 4, 6, 9, 11, 12, 14, 15, 20, 25, 27, 28, 42, 48, 54, 55, 60, 64]
Last number: 65. Current total: 53
Last number: 66. Current total: 53
Last number: 67. Current total: 53
Last number: 68. Current total: 53
Last number: 69. Current total: 53
Last number: 70. Current total: 53
Found: [2, 3, 4, 5, 8, 13, 15, 18, 24, 28, 35, 39, 40, 42, 45, 52, 56, 63, 70]
Found: [2, 3, 4, 5, 8, 12, 15, 18, 24, 28, 35, 40, 42, 45, 56, 63, 70]
Found: [2, 3, 4, 5, 8, 10, 18, 24, 28, 30, 35, 40, 42, 45, 56, 60, 63, 70]
Found: [2, 3, 4, 5, 8, 10, 18, 24, 28, 30, 35, 36, 40, 42, 56, 63, 70]
Queue length: 17. Visited 1000000 states. Current state: [3, 5, 10, 12, 13, 17, 18, 28, 30, 35, 39, 40, 42, 45, 48, 51, 52, 56, 60, 63, 70]
Queue length: 18. Visited 2000000 states. Current state: [3, 5, 6, 10, 15, 20, 27, 28, 35, 38, 42, 45, 48, 54, 56, 57, 60, 63, 70]
Queue length: 14. Visited 3000000 states. Current state: [3, 5, 6, 9, 10, 11, 12, 13, 15, 18, 20, 22, 24, 27, 28, 35, 39, 42, 48, 52, 54, 56, 63, 66, 70]
Found: [2, 3, 4, 6, 8, 9, 13, 14, 15, 24, 36, 39, 40, 45, 52, 56, 70]
Found: [2, 3, 4, 6, 8, 9, 12, 14, 15, 24, 36, 40, 45, 56, 70]
Queue length: 25. Visited 4000000 states. Current state: [2, 3, 4, 8, 9, 10, 11, 13, 14, 16, 32, 36, 39, 40, 48, 50, 52, 55, 56, 60, 66, 70]
Queue length: 18. Visited 5000000 states. Current state: [2, 3, 4, 8, 9, 10, 11, 12, 14, 15, 18, 20, 45, 55, 56, 70]
Found: [2, 3, 4, 6, 8, 10, 13, 14, 15, 20, 24, 30, 39, 40, 52, 56, 70]
Found: [2, 3, 4, 6, 8, 10, 12, 13, 14, 24, 30, 39, 40, 52, 56, 70]
Found: [2, 3, 4, 6, 8, 10, 12, 14, 15, 20, 24, 30, 40, 56, 70]
Found: [2, 3, 4, 6, 8, 9, 10, 14, 24, 30, 36, 40, 45, 56, 60, 70]
Queue length: 16. Visited 6000000 states. Current state: [2, 3, 4, 6, 9, 10, 12, 13, 14, 18, 27, 30, 39, 50, 56, 65, 70]
Found: [2, 3, 4, 5, 8, 13, 14, 15, 24, 30, 39, 40, 52, 56, 60, 70]
Found: [2, 3, 4, 5, 8, 12, 14, 15, 24, 30, 40, 56, 60, 70]
Found: [2, 3, 4, 5, 8, 10, 14, 20, 24, 40, 56, 60, 70]
Found: [2, 3, 4, 6, 8, 12, 13, 14, 15, 18, 21, 24, 39, 40, 42, 45, 52, 56, 63, 70]
Queue length: 19. Visited 7000000 states. Current state: [3, 9, 10, 14, 21, 22, 24, 30, 36, 40, 42, 48, 50, 54, 55, 56, 60, 63, 66, 70]
Found: [2, 3, 4, 6, 8, 10, 13, 14, 18, 21, 24, 30, 39, 40, 42, 45, 52, 56, 60, 63, 70]
Found: [2, 3, 4, 6, 8, 10, 13, 14, 18, 21, 24, 30, 36, 39, 40, 42, 52, 56, 63, 70]
Found: [2, 3, 4, 6, 8, 10, 14, 15, 18, 20, 21, 24, 30, 40, 42, 45, 56, 60, 63, 70]
Found: [2, 3, 4, 6, 8, 10, 14, 15, 18, 20, 21, 24, 30, 36, 40, 42, 56, 63, 70]
Found: [2, 3, 4, 6, 8, 10, 12, 14, 18, 21, 24, 30, 40, 42, 45, 56, 60, 63, 70]
Found: [2, 3, 4, 6, 8, 10, 12, 14, 18, 21, 24, 30, 36, 40, 42, 56, 63, 70]
Queue length: 14. Visited 8000000 states. Current state: [3, 6, 10, 11, 12, 14, 18, 20, 21, 24, 30, 33, 42, 55, 56, 63, 70]
Found: [2, 3, 4, 5, 8, 14, 15, 18, 21, 24, 30, 36, 40, 42, 56, 60, 63, 70]
Queue length: 24. Visited 9000000 states. Current state: [3, 9, 11, 13, 14, 18, 20, 21, 22, 35, 39, 40, 52, 54, 63, 66, 70]
Found: [2, 3, 4, 5, 10, 13, 14, 15, 18, 20, 21, 35, 39, 45, 52, 60, 63, 70]
Found: [2, 3, 4, 5, 10, 13, 14, 15, 18, 20, 21, 35, 36, 39, 52, 63, 70]
Found: [2, 3, 4, 5, 10, 12, 13, 14, 18, 21, 35, 39, 45, 52, 60, 63, 70]
Found: [2, 3, 4, 5, 10, 12, 13, 14, 18, 21, 35, 36, 39, 52, 63, 70]
Queue length: 23. Visited 10000000 states. Current state: [3, 5, 10, 12, 14, 18, 21, 24, 26, 35, 52, 54, 60, 63, 65, 70]
Found: [2, 3, 4, 5, 10, 12, 14, 15, 18, 20, 21, 35, 45, 60, 63, 70]
Found: [2, 3, 4, 5, 10, 12, 14, 15, 18, 20, 21, 35, 36, 63, 70]
Queue length: 14. Visited 11000000 states. Current state: [3, 5, 6, 10, 13, 14, 15, 20, 21, 24, 27, 35, 39, 48, 52, 54, 57, 63, 70]
Queue length: 23. Visited 12000000 states. Current state: [3, 7, 13, 15, 22, 24, 27, 36, 39, 40, 44, 45, 52, 54, 55, 60, 63, 66, 70]
Queue length: 24. Visited 13000000 states. Current state: [3, 7, 9, 10, 11, 15, 20, 22, 24, 40, 54, 55, 60, 63, 70]
Found: [2, 3, 4, 6, 7, 10, 13, 15, 18, 20, 39, 45, 52, 60, 63, 70]
Found: [2, 3, 4, 6, 7, 10, 13, 15, 18, 20, 36, 39, 52, 63, 70]
Found: [2, 3, 4, 6, 7, 10, 12, 13, 18, 39, 45, 52, 60, 63, 70]
Found: [2, 3, 4, 6, 7, 10, 12, 13, 18, 36, 39, 52, 63, 70]
Found: [2, 3, 4, 6, 7, 10, 12, 15, 18, 20, 45, 60, 63, 70]
Found: [2, 3, 4, 6, 7, 10, 12, 15, 18, 20, 36, 63, 70]
Queue length: 23. Visited 14000000 states. Current state: [3, 6, 7, 9, 10, 22, 30, 36, 40, 44, 54, 63, 66, 70]
Found: [2, 3, 4, 5, 7, 13, 15, 18, 36, 39, 52, 60, 63, 70]
Found: [2, 3, 4, 5, 7, 12, 15, 18, 36, 60, 63, 70]
Found: [2, 3, 4, 6, 7, 8, 18, 20, 21, 24, 35, 40, 45, 56, 60, 63, 70]
Found: [2, 3, 4, 6, 7, 8, 18, 20, 21, 24, 35, 36, 40, 56, 63, 70]
Queue length: 20. Visited 15000000 states. Current state: [3, 6, 7, 9, 11, 13, 20, 21, 22, 24, 35, 36, 39, 40, 44, 48, 52, 56, 63, 66, 70]
Queue length: 14. Visited 16000000 states. Current state: [3, 5, 7, 10, 12, 13, 18, 20, 21, 22, 25, 27, 35, 36, 39, 44, 45, 50, 52, 55, 56, 63, 70]
Queue length: 19. Visited 17000000 states. Current state: [3, 5, 6, 7, 10, 13, 15, 20, 21, 27, 35, 39, 40, 48, 50, 52, 55, 56, 60, 63, 70]
Found: [2, 3, 5, 6, 7, 8, 10, 13, 15, 18, 20, 21, 24, 30, 35, 39, 40, 45, 52, 56, 60, 63, 70]
Found: [2, 3, 5, 6, 7, 8, 10, 13, 15, 18, 20, 21, 24, 30, 35, 36, 39, 40, 52, 56, 63, 70]
Found: [2, 3, 5, 6, 7, 8, 10, 12, 13, 18, 21, 24, 30, 35, 39, 40, 45, 52, 56, 60, 63, 70]
Found: [2, 3, 5, 6, 7, 8, 10, 12, 13, 18, 21, 24, 30, 35, 36, 39, 40, 52, 56, 63, 70]
Found: [2, 3, 5, 6, 7, 8, 10, 12, 15, 18, 20, 21, 24, 30, 35, 40, 45, 56, 60, 63, 70]
Found: [2, 3, 5, 6, 7, 8, 10, 12, 15, 18, 20, 21, 24, 30, 35, 36, 40, 56, 63, 70]
Queue length: 10. Visited 18000000 states. Current state: [7, 21, 22, 28, 33, 40, 42, 44, 50, 55, 70]
Queue length: 11. Visited 19000000 states. Current state: [3, 7, 9, 10, 18, 20, 21, 24, 28, 30, 33, 40, 42, 44, 50, 55, 66, 70]
Found: [2, 3, 4, 6, 7, 10, 13, 15, 20, 21, 28, 39, 42, 52, 70]
Found: [2, 3, 4, 6, 7, 10, 12, 13, 21, 28, 39, 42, 52, 70]
Found: [2, 3, 4, 6, 7, 10, 12, 15, 20, 21, 28, 42, 70]
Found: [2, 3, 4, 6, 7, 9, 10, 21, 28, 36, 42, 45, 60, 70]
Queue length: 18. Visited 20000000 states. Current state: [3, 6, 7, 9, 10, 13, 21, 27, 28, 30, 40, 42, 54, 60, 65, 70]
Found: [2, 3, 4, 5, 7, 13, 15, 21, 28, 39, 42, 52, 60, 70]
Found: [2, 3, 4, 5, 7, 12, 15, 21, 28, 42, 60, 70]
Queue length: 23. Visited 21000000 states. Current state: [3, 7, 10, 13, 14, 22, 28, 36, 39, 42, 44, 48, 50, 52, 54, 55, 60, 63, 70]
Queue length: 14. Visited 22000000 states. Current state: [3, 7, 9, 10, 12, 13, 14, 20, 24, 25, 26, 27, 28, 30, 39, 42, 63, 65, 70]
Found: [2, 3, 4, 6, 7, 10, 13, 14, 18, 28, 39, 42, 45, 52, 60, 63, 70]
Found: [2, 3, 4, 6, 7, 10, 13, 14, 18, 28, 36, 39, 42, 52, 63, 70]
Found: [2, 3, 4, 6, 7, 10, 14, 15, 18, 20, 28, 42, 45, 60, 63, 70]
Found: [2, 3, 4, 6, 7, 10, 14, 15, 18, 20, 28, 36, 42, 63, 70]
Found: [2, 3, 4, 6, 7, 10, 12, 14, 18, 28, 42, 45, 60, 63, 70]
Found: [2, 3, 4, 6, 7, 10, 12, 14, 18, 28, 36, 42, 63, 70]
Queue length: 12. Visited 23000000 states. Current state: [3, 6, 7, 9, 10, 14, 15, 20, 22, 25, 28, 30, 33, 42, 44, 45, 55, 63, 70]
Found: [2, 3, 4, 5, 7, 14, 15, 18, 28, 36, 42, 60, 63, 70]
Found: [2, 3, 4, 7, 8, 9, 12, 13, 14, 20, 24, 28, 35, 36, 39, 40, 45, 52, 56, 60, 70]
Found: [2, 3, 4, 6, 7, 8, 14, 20, 24, 28, 35, 40, 56, 70]
Queue length: 23. Visited 24000000 states. Current state: [3, 6, 7, 9, 13, 14, 15, 20, 27, 28, 30, 35, 39, 52, 56, 60, 69, 70]
Found: [2, 3, 5, 6, 7, 8, 9, 13, 14, 15, 24, 28, 35, 36, 39, 40, 45, 52, 56, 70]
Found: [2, 3, 5, 6, 7, 8, 9, 12, 14, 15, 24, 28, 35, 36, 40, 45, 56, 70]
Queue length: 14. Visited 25000000 states. Current state: [2, 3, 5, 7, 8, 10, 13, 14, 15, 18, 28, 35, 45, 50, 56, 60, 65, 70]
Queue length: 19. Visited 26000000 states. Current state: [2, 3, 5, 7, 8, 9, 10, 12, 13, 14, 20, 25, 27, 28, 35, 39, 48, 50, 52, 56, 60, 70]
Found: [2, 3, 5, 6, 7, 8, 10, 13, 14, 15, 20, 24, 28, 30, 35, 39, 40, 52, 56, 70]
Found: [2, 3, 5, 6, 7, 8, 10, 12, 13, 14, 24, 28, 30, 35, 39, 40, 52, 56, 70]
Found: [2, 3, 5, 6, 7, 8, 10, 12, 14, 15, 20, 24, 28, 30, 35, 40, 56, 70]
Found: [2, 3, 5, 6, 7, 8, 9, 10, 14, 24, 28, 30, 35, 36, 40, 45, 56, 60, 70]
Queue length: 21. Visited 27000000 states. Current state: [2, 3, 5, 6, 7, 9, 10, 13, 14, 18, 20, 27, 28, 35, 52, 56, 60, 65, 70]
Queue length: 15. Visited 28000000 states. Current state: [3, 6, 7, 9, 10, 11, 12, 13, 14, 15, 21, 27, 28, 30, 35, 36, 39, 42, 45, 50, 52, 54, 55, 56, 60, 63, 70]
Found: [2, 3, 5, 6, 7, 8, 12, 13, 14, 15, 18, 21, 24, 28, 35, 39, 40, 42, 45, 52, 56, 63, 70]
Queue length: 15. Visited 29000000 states. Current state: [3, 5, 7, 10, 11, 12, 13, 14, 18, 21, 22, 24, 27, 28, 35, 39, 40, 42, 48, 52, 54, 55, 56, 60, 63, 70]
Found: [2, 3, 5, 6, 7, 8, 10, 13, 14, 18, 21, 24, 28, 30, 35, 39, 40, 42, 45, 52, 56, 60, 63, 70]
Found: [2, 3, 5, 6, 7, 8, 10, 13, 14, 18, 21, 24, 28, 30, 35, 36, 39, 40, 42, 52, 56, 63, 70]
Queue length: 16. Visited 30000000 states. Current state: [3, 5, 6, 7, 10, 13, 14, 15, 18, 20, 21, 28, 30, 35, 36, 39, 40, 42, 50, 52, 55, 56, 60, 63, 66, 70]
Found: [2, 3, 5, 6, 7, 8, 10, 14, 15, 18, 20, 21, 24, 28, 30, 35, 40, 42, 45, 56, 60, 63, 70]
Found: [2, 3, 5, 6, 7, 8, 10, 14, 15, 18, 20, 21, 24, 28, 30, 35, 36, 40, 42, 56, 63, 70]
Found: [2, 3, 5, 6, 7, 8, 10, 12, 14, 18, 21, 24, 28, 30, 35, 40, 42, 45, 56, 60, 63, 70]
Found: [2, 3, 5, 6, 7, 8, 10, 12, 14, 18, 21, 24, 28, 30, 35, 36, 40, 42, 56, 63, 70]
Last number: 71. Current total: 124
Last number: 72. Current total: 124
Queue length: 7. Visited 1000000 states. Current state: [2, 4, 5, 6, 7, 8, 9, 10, 11, 12, 14, 18, 20, 21, 25, 33, 50, 55, 72]
Queue length: 21. Visited 2000000 states. Current state: [3, 10, 14, 20, 25, 35, 36, 40, 48, 54, 56, 63, 72]
Queue length: 24. Visited 3000000 states. Current state: [3, 7, 10, 13, 25, 27, 28, 36, 39, 40, 49, 52, 60, 70, 72]
Found: [2, 3, 4, 5, 8, 10, 14, 24, 28, 36, 40, 42, 45, 72]
Found: [2, 3, 4, 5, 7, 10, 24, 28, 36, 40, 42, 45, 56, 72]
Found: [2, 3, 4, 5, 8, 10, 13, 24, 36, 39, 40, 45, 52, 72]
Queue length: 18. Visited 4000000 states. Current state: [3, 10, 13, 14, 20, 24, 25, 28, 36, 39, 42, 48, 50, 52, 60, 72]
Queue length: 14. Visited 5000000 states. Current state: [3, 10, 11, 14, 20, 22, 24, 27, 30, 33, 35, 40, 45, 56, 63, 72]
Found: [2, 3, 4, 5, 8, 13, 14, 21, 28, 30, 35, 36, 39, 40, 42, 45, 52, 56, 60, 72]
Found: [2, 3, 4, 5, 8, 13, 14, 21, 24, 28, 35, 36, 39, 42, 45, 52, 56, 60, 72]
Queue length: 22. Visited 6000000 states. Current state: [3, 5, 7, 10, 11, 13, 21, 24, 35, 39, 48, 50, 52, 54, 55, 56, 60, 63, 66, 70, 72]
Queue length: 17. Visited 7000000 states. Current state: [3, 5, 7, 11, 13, 14, 21, 22, 24, 25, 36, 39, 40, 44, 48, 52, 54, 55, 60, 72]
Queue length: 20. Visited 8000000 states. Current state: [3, 5, 10, 13, 14, 18, 20, 25, 28, 36, 39, 42, 48, 49, 52, 56, 60, 70, 72]
Queue length: 15. Visited 9000000 states. Current state: [3, 7, 10, 18, 25, 27, 28, 30, 35, 44, 45, 55, 72]
Queue length: 13. Visited 10000000 states. Current state: [3, 5, 10, 13, 18, 24, 26, 30, 45, 50, 65, 72]
Queue length: 25. Visited 11000000 states. Current state: [3, 5, 10, 18, 21, 22, 36, 40, 42, 44, 55, 60, 63, 72]
Queue length: 17. Visited 12000000 states. Current state: [3, 7, 10, 13, 18, 21, 27, 28, 34, 39, 42, 48, 51, 52, 70, 72]
Queue length: 7. Visited 13000000 states. Current state: [3, 5, 7, 10, 11, 14, 18, 20, 21, 22, 24, 25, 30, 33, 40, 45, 50, 55, 72]
Queue length: 16. Visited 14000000 states. Current state: [3, 7, 11, 13, 15, 18, 20, 22, 25, 28, 35, 39, 45, 52, 55, 72]
Queue length: 6. Visited 15000000 states. Current state: [3, 7, 10, 14, 15, 20, 21, 25, 35, 42, 49, 56, 63, 70, 72]
Found: [2, 3, 4, 5, 7, 14, 15, 24, 28, 35, 36, 40, 45, 56, 70, 72]
Found: [2, 3, 4, 5, 8, 13, 15, 20, 21, 24, 35, 36, 39, 45, 52, 56, 60, 72]
Found: [2, 3, 4, 5, 8, 14, 15, 20, 21, 24, 28, 35, 36, 42, 45, 56, 60, 72]
Found: [2, 3, 4, 5, 8, 13, 15, 20, 21, 30, 35, 36, 39, 40, 45, 52, 56, 60, 72]
Found: [2, 3, 4, 5, 8, 14, 15, 20, 21, 28, 30, 35, 36, 40, 42, 45, 56, 60, 72]
Queue length: 20. Visited 16000000 states. Current state: [3, 5, 10, 13, 15, 24, 27, 28, 30, 36, 39, 40, 49, 50, 52, 60, 70, 72]
Found: [2, 3, 4, 5, 8, 10, 15, 20, 24, 36, 40, 45, 72]
Queue length: 13. Visited 17000000 states. Current state: [3, 5, 7, 10, 14, 15, 20, 24, 27, 28, 30, 35, 40, 48, 56, 70, 72]
Queue length: 16. Visited 18000000 states. Current state: [3, 5, 7, 10, 12, 28, 30, 35, 40, 55, 66, 72]
Queue length: 9. Visited 19000000 states. Current state: [3, 5, 7, 10, 12, 14, 20, 25, 27, 30, 35, 42, 56, 72]
Found: [2, 3, 4, 5, 8, 10, 12, 24, 36, 40, 45, 72]
Queue length: 20. Visited 20000000 states. Current state: [3, 5, 7, 10, 12, 20, 24, 25, 27, 35, 49, 60, 72]
Queue length: 24. Visited 21000000 states. Current state: [3, 5, 11, 12, 13, 21, 22, 36, 39, 40, 42, 48, 52, 55, 60, 63, 72]
Found: [2, 3, 4, 5, 8, 12, 13, 21, 30, 35, 36, 39, 40, 45, 52, 56, 60, 72]
Found: [2, 3, 4, 5, 8, 12, 13, 21, 24, 35, 36, 39, 45, 52, 56, 60, 72]
Found: [2, 3, 4, 5, 8, 12, 14, 21, 28, 30, 35, 36, 40, 42, 45, 56, 60, 72]
Found: [2, 3, 4, 5, 8, 12, 14, 21, 24, 28, 35, 36, 42, 45, 56, 60, 72]
Queue length: 18. Visited 22000000 states. Current state: [3, 5, 7, 10, 12, 21, 24, 27, 30, 35, 36, 40, 48, 54, 55, 56, 60, 63, 70, 72]
Queue length: 13. Visited 23000000 states. Current state: [3, 7, 12, 14, 20, 21, 24, 28, 30, 40, 45, 49, 50, 56, 63, 70, 72]
Queue length: 16. Visited 24000000 states. Current state: [3, 7, 10, 12, 13, 14, 18, 20, 25, 36, 39, 40, 45, 49, 52, 56, 60, 70, 72]
Queue length: 20. Visited 25000000 states. Current state: [3, 10, 11, 12, 13, 14, 18, 20, 22, 27, 35, 36, 39, 40, 45, 52, 55, 56, 60, 63, 72]
Queue length: 20. Visited 26000000 states. Current state: [3, 7, 12, 13, 18, 24, 25, 36, 39, 40, 45, 50, 52, 56, 70, 72]
Queue length: 17. Visited 27000000 states. Current state: [3, 7, 12, 13, 14, 18, 20, 22, 24, 27, 28, 35, 36, 39, 40, 48, 50, 52, 54, 55, 56, 60, 70, 72]
Queue length: 17. Visited 28000000 states. Current state: [3, 5, 10, 11, 12, 13, 14, 18, 20, 21, 22, 24, 25, 35, 39, 45, 52, 55, 63, 70, 72]
Queue length: 14. Visited 29000000 states. Current state: [3, 7, 10, 12, 14, 18, 20, 21, 22, 27, 40, 44, 45, 50, 55, 72]
Queue length: 15. Visited 30000000 states. Current state: [3, 7, 12, 14, 15, 20, 25, 28, 30, 40, 50, 56, 63, 70, 72]
Queue length: 16. Visited 31000000 states. Current state: [3, 7, 12, 13, 15, 18, 20, 24, 28, 35, 39, 40, 44, 45, 52, 55, 72]
Found: [2, 3, 4, 7, 8, 10, 12, 13, 14, 15, 24, 28, 30, 35, 36, 39, 45, 52, 56, 70, 72]
Found: [2, 3, 4, 7, 8, 10, 12, 13, 15, 20, 21, 24, 28, 30, 36, 39, 40, 42, 45, 52, 60, 70, 72]
Queue length: 16. Visited 32000000 states. Current state: [3, 5, 7, 11, 12, 13, 14, 15, 21, 22, 27, 28, 35, 36, 39, 40, 42, 44, 45, 52, 55, 56, 60, 63, 66, 70, 72]
Found: [2, 3, 4, 5, 8, 12, 15, 20, 21, 24, 35, 36, 45, 56, 60, 72]
Found: [2, 3, 4, 5, 8, 12, 15, 20, 21, 30, 35, 36, 40, 45, 56, 60, 72]
Found: [2, 3, 4, 5, 12, 13, 14, 15, 20, 21, 24, 28, 30, 35, 36, 39, 40, 42, 45, 52, 56, 60, 72]
Queue length: 19. Visited 33000000 states. Current state: [3, 5, 10, 11, 12, 13, 14, 15, 18, 30, 35, 36, 39, 40, 48, 50, 52, 54, 55, 56, 63, 66, 72]
Queue length: 19. Visited 34000000 states. Current state: [3, 5, 9, 10, 14, 20, 25, 35, 49, 54, 60, 63, 70, 72]
Found: [2, 3, 4, 5, 8, 9, 14, 30, 35, 40, 56, 63, 72]
Queue length: 24. Visited 35000000 states. Current state: [3, 9, 10, 25, 27, 28, 49, 50, 54, 60, 63, 70, 72]
Found: [2, 3, 4, 5, 8, 9, 14, 24, 35, 56, 63, 72]
Queue length: 26. Visited 36000000 states. Current state: [3, 7, 9, 10, 14, 24, 56, 60, 63, 70, 72]
Found: [2, 3, 4, 7, 8, 9, 10, 13, 14, 24, 28, 30, 39, 40, 42, 52, 63, 70, 72]
Found: [2, 3, 4, 5, 9, 10, 13, 24, 28, 30, 35, 39, 40, 42, 52, 56, 63, 70, 72]
Queue length: 14. Visited 37000000 states. Current state: [3, 5, 7, 9, 10, 20, 24, 30, 40, 70, 72]
Queue length: 18. Visited 38000000 states. Current state: [3, 5, 7, 9, 14, 20, 24, 25, 27, 30, 70, 72]
Found: [2, 3, 4, 5, 8, 9, 20, 21, 24, 40, 42, 60, 63, 72]
Found: [2, 3, 4, 5, 9, 10, 14, 20, 21, 24, 40, 42, 56, 60, 63, 70, 72]
Queue length: 19. Visited 39000000 states. Current state: [3, 5, 9, 14, 20, 21, 24, 25, 27, 28, 35, 40, 42, 44, 48, 55, 56, 60, 72]
Queue length: 24. Visited 40000000 states. Current state: [3, 7, 9, 14, 21, 24, 40, 48, 56, 60, 63, 70, 72]
Queue length: 19. Visited 41000000 states. Current state: [3, 9, 10, 11, 14, 18, 20, 22, 35, 36, 40, 45, 50, 54, 55, 56, 60, 63, 72]
Queue length: 20. Visited 42000000 states. Current state: [3, 5, 7, 9, 18, 27, 35, 36, 48, 56, 60, 63, 72]
Found: [2, 3, 4, 5, 8, 9, 18, 20, 24, 40, 60, 72]
Found: [2, 3, 4, 5, 9, 10, 14, 18, 20, 24, 40, 56, 60, 70, 72]
Queue length: 22. Visited 43000000 states. Current state: [3, 5, 7, 9, 10, 18, 24, 36, 49, 50, 60, 70, 72]
Found: [2, 3, 4, 7, 8, 9, 10, 13, 18, 20, 24, 28, 30, 39, 42, 52, 56, 60, 72]
Queue length: 18. Visited 44000000 states. Current state: [3, 9, 13, 14, 18, 20, 24, 25, 27, 28, 39, 40, 42, 48, 50, 52, 54, 56, 60, 70, 72]
Queue length: 16. Visited 45000000 states. Current state: [3, 9, 10, 13, 18, 19, 20, 21, 30, 35, 39, 40, 45, 48, 52, 54, 56, 57, 72]
Found: [2, 3, 4, 5, 8, 9, 18, 21, 30, 35, 40, 56, 72]
Found: [2, 3, 4, 5, 8, 9, 18, 21, 24, 35, 56, 72]
Found: [2, 3, 4, 5, 9, 13, 14, 18, 21, 24, 28, 30, 35, 39, 40, 42, 52, 56, 72]
Found: [2, 3, 4, 7, 8, 9, 10, 13, 18, 21, 24, 28, 30, 39, 40, 42, 52, 70, 72]
Queue length: 17. Visited 46000000 states. Current state: [3, 5, 7, 9, 13, 18, 21, 24, 28, 30, 35, 36, 39, 40, 42, 45, 52, 63, 72]
Queue length: 22. Visited 47000000 states. Current state: [3, 9, 14, 15, 18, 24, 27, 36, 40, 45, 48, 56, 70, 72]
Queue length: 14. Visited 48000000 states. Current state: [3, 7, 9, 14, 15, 20, 21, 24, 25, 40, 45, 50, 65, 72]
Found: [2, 3, 4, 7, 8, 9, 13, 14, 15, 20, 21, 24, 28, 30, 35, 39, 42, 52, 56, 60, 63, 70, 72]
Found: [2, 3, 4, 7, 8, 9, 13, 14, 15, 18, 20, 24, 28, 30, 35, 39, 52, 56, 60, 70, 72]
Found: [2, 3, 4, 7, 8, 9, 13, 14, 15, 18, 20, 21, 24, 30, 39, 40, 52, 72]
Queue length: 20. Visited 49000000 states. Current state: [3, 9, 10, 13, 15, 28, 30, 35, 36, 39, 42, 45, 52, 56, 60, 63, 70, 72]
Found: [2, 3, 4, 7, 8, 9, 10, 13, 15, 20, 24, 30, 39, 40, 52, 63, 70, 72]
Found: [2, 3, 4, 7, 8, 9, 10, 15, 18, 20, 21, 24, 28, 30, 40, 42, 70, 72]
Found: [2, 3, 4, 7, 8, 9, 10, 14, 15, 20, 24, 28, 30, 40, 42, 63, 70, 72]
Found: [2, 3, 4, 5, 9, 13, 14, 15, 18, 24, 30, 39, 40, 52, 56, 60, 70, 72]
Found: [2, 3, 4, 5, 9, 13, 14, 15, 21, 24, 30, 39, 40, 42, 52, 56, 60, 63, 70, 72]
Found: [2, 3, 4, 5, 9, 13, 15, 18, 20, 21, 24, 30, 35, 39, 40, 52, 56, 72]
Found: [2, 3, 4, 5, 9, 13, 14, 15, 20, 24, 30, 35, 39, 40, 52, 56, 63, 72]
Found: [2, 3, 4, 5, 9, 14, 15, 18, 20, 21, 24, 28, 30, 35, 40, 42, 56, 72]
Queue length: 18. Visited 50000000 states. Current state: [3, 5, 7, 9, 11, 13, 15, 18, 20, 21, 28, 30, 35, 36, 39, 40, 42, 48, 52, 55, 60, 63, 72]
Queue length: 11. Visited 51000000 states. Current state: [3, 5, 7, 9, 10, 14, 15, 18, 20, 21, 24, 27, 40, 45, 48, 54, 60, 72]
Found: [2, 3, 4, 5, 9, 10, 15, 20, 24, 28, 30, 35, 40, 42, 56, 63, 70, 72]
Queue length: 15. Visited 52000000 states. Current state: [3, 5, 7, 9, 10, 12, 14, 20, 25, 28, 36, 40, 45, 50, 56, 60, 70, 72]
Queue length: 17. Visited 53000000 states. Current state: [3, 7, 9, 10, 12, 13, 25, 26, 27, 28, 35, 36, 48, 50, 54, 60, 65, 72]
Queue length: 20. Visited 54000000 states. Current state: [3, 9, 10, 12, 24, 35, 36, 54, 56, 60, 72]
Found: [2, 3, 4, 7, 8, 9, 10, 12, 13, 24, 30, 39, 40, 52, 63, 70, 72]
Found: [2, 3, 4, 7, 8, 9, 10, 12, 14, 24, 28, 30, 40, 42, 63, 70, 72]
Found: [2, 3, 4, 5, 9, 12, 13, 14, 24, 30, 35, 39, 40, 52, 56, 63, 72]
Found: [2, 3, 4, 5, 9, 10, 12, 24, 28, 30, 35, 40, 42, 56, 63, 70, 72]
Queue length: 24. Visited 55000000 states. Current state: [3, 7, 9, 12, 13, 24, 27, 28, 39, 42, 48, 52, 55, 56, 60, 66, 72]
Queue length: 19. Visited 56000000 states. Current state: [3, 9, 10, 12, 13, 20, 21, 24, 27, 35, 36, 39, 45, 48, 50, 52, 54, 56, 60, 72]
Queue length: 15. Visited 57000000 states. Current state: [3, 5, 7, 9, 10, 12, 20, 21, 25, 28, 35, 40, 42, 48, 54, 60, 63, 72]
Found: [2, 3, 4, 7, 8, 9, 12, 13, 14, 20, 21, 28, 35, 39, 40, 42, 52, 56, 63, 70, 72]
Found: [2, 3, 4, 7, 8, 9, 12, 13, 14, 21, 24, 28, 30, 35, 39, 42, 52, 56, 60, 63, 70, 72]
Queue length: 12. Visited 58000000 states. Current state: [3, 7, 9, 10, 12, 14, 21, 24, 25, 27, 28, 35, 36, 42, 45, 50, 55, 56, 63, 70, 72]
Found: [2, 3, 4, 7, 8, 9, 12, 13, 14, 18, 20, 28, 35, 39, 40, 52, 56, 70, 72]
Queue length: 11. Visited 59000000 states. Current state: [3, 9, 11, 12, 18, 20, 22, 30, 40, 44, 45, 55, 72]
Queue length: 18. Visited 60000000 states. Current state: [3, 7, 9, 10, 11, 12, 13, 18, 22, 27, 28, 36, 39, 40, 42, 48, 50, 52, 55, 56, 60, 66, 72]
Queue length: 13. Visited 61000000 states. Current state: [3, 7, 9, 12, 13, 18, 20, 24, 25, 35, 36, 39, 45, 49, 52, 56, 70, 72]
Found: [2, 3, 4, 7, 8, 9, 12, 13, 14, 18, 24, 28, 30, 35, 39, 52, 56, 60, 70, 72]
Found: [2, 3, 4, 7, 8, 9, 10, 12, 18, 20, 24, 28, 30, 42, 56, 60, 72]
Queue length: 19. Visited 62000000 states. Current state: [3, 7, 9, 10, 12, 13, 18, 24, 27, 28, 35, 36, 39, 40, 52, 54, 55, 60, 72]
Found: [2, 3, 4, 5, 9, 12, 13, 18, 21, 24, 30, 35, 39, 40, 52, 56, 72]
Queue length: 18. Visited 63000000 states. Current state: [3, 9, 10, 12, 13, 14, 18, 21, 24, 25, 36, 39, 42, 52, 56, 60, 63, 70, 72]
Found: [2, 3, 4, 5, 9, 12, 14, 18, 21, 24, 28, 30, 35, 40, 42, 56, 72]
Found: [2, 3, 4, 7, 8, 9, 10, 12, 18, 21, 24, 28, 30, 40, 42, 70, 72]
Queue length: 14. Visited 64000000 states. Current state: [3, 7, 9, 11, 12, 14, 18, 21, 22, 25, 28, 35, 36, 42, 44, 55, 56, 63, 66, 70, 72]
Found: [2, 3, 4, 7, 8, 9, 12, 13, 14, 18, 21, 24, 30, 39, 40, 52, 72]
Queue length: 13. Visited 65000000 states. Current state: [3, 7, 9, 12, 15, 25, 40, 42, 60, 70, 72]
Found: [2, 3, 4, 7, 8, 9, 12, 13, 15, 20, 21, 24, 30, 35, 39, 52, 56, 60, 63, 70, 72]
Found: [2, 3, 4, 7, 8, 9, 12, 14, 15, 20, 21, 24, 28, 30, 35, 42, 56, 60, 63, 70, 72]
Queue length: 19. Visited 66000000 states. Current state: [2, 3, 4, 7, 9, 12, 15, 18, 20, 21, 25, 30, 40, 50, 70, 72]
Found: [2, 3, 4, 7, 8, 9, 12, 13, 15, 18, 20, 28, 30, 39, 40, 42, 52, 56, 72]
Found: [2, 3, 4, 7, 8, 9, 12, 13, 15, 18, 20, 24, 28, 39, 42, 52, 56, 72]
Queue length: 17. Visited 67000000 states. Current state: [2, 3, 4, 7, 8, 9, 12, 15, 16, 18, 20, 24, 28, 36, 42, 45, 55, 56, 72]
Found: [2, 3, 4, 7, 8, 9, 12, 14, 15, 18, 20, 24, 28, 30, 35, 56, 60, 70, 72]
Found: [2, 3, 4, 7, 8, 9, 12, 14, 15, 18, 20, 21, 24, 30, 40, 72]
Found: [2, 3, 4, 7, 8, 9, 10, 12, 15, 20, 24, 30, 40, 63, 70, 72]
Found: [2, 3, 4, 5, 9, 12, 14, 15, 18, 24, 30, 40, 56, 60, 70, 72]
Found: [2, 3, 4, 5, 9, 12, 14, 15, 21, 24, 30, 40, 42, 56, 60, 63, 70, 72]
Queue length: 17. Visited 68000000 states. Current state: [3, 5, 9, 12, 14, 15, 18, 20, 21, 24, 27, 28, 35, 42, 48, 54, 55, 56, 60, 66, 72]
Found: [2, 3, 4, 5, 9, 12, 15, 18, 20, 21, 24, 30, 35, 40, 56, 72]
Found: [2, 3, 4, 5, 9, 12, 14, 15, 20, 24, 30, 35, 40, 56, 63, 72]
Queue length: 9. Visited 69000000 states. Current state: [3, 5, 7, 9, 10, 11, 12, 13, 15, 18, 22, 24, 27, 28, 30, 36, 39, 40, 42, 45, 50, 52, 55, 56, 72]
Queue length: 23. Visited 70000000 states. Current state: [3, 5, 6, 7, 14, 20, 25, 28, 35, 48, 50, 55, 56, 60, 66, 70, 72]
Found: [2, 3, 4, 6, 7, 8, 14, 20, 28, 35, 36, 40, 45, 56, 60, 70, 72]
Found: [2, 3, 4, 6, 7, 8, 13, 28, 30, 36, 39, 40, 42, 45, 52, 56, 60, 72]
Queue length: 25. Visited 71000000 states. Current state: [3, 6, 10, 25, 27, 28, 49, 60, 70, 72]
Queue length: 9. Visited 72000000 states. Current state: [3, 5, 6, 14, 20, 25, 27, 30, 35, 42, 49, 56, 63, 70, 72]
Found: [2, 3, 4, 6, 7, 8, 13, 24, 28, 36, 39, 42, 45, 52, 56, 60, 72]
Queue length: 16. Visited 73000000 states. Current state: [3, 6, 7, 10, 14, 20, 24, 30, 40, 70, 72]
Queue length: 21. Visited 74000000 states. Current state: [3, 6, 7, 14, 19, 24, 27, 28, 30, 35, 38, 48, 56, 57, 60, 70, 72]
Found: [2, 3, 4, 5, 6, 21, 24, 30, 35, 36, 40, 45, 56, 60, 72]
Queue length: 18. Visited 75000000 states. Current state: [3, 5, 6, 10, 11, 14, 20, 21, 22, 24, 27, 35, 36, 44, 48, 54, 55, 60, 63, 66, 70, 72]
Found: [2, 3, 4, 6, 8, 10, 13, 14, 20, 21, 24, 28, 35, 36, 39, 42, 45, 52, 56, 72]
Found: [2, 3, 4, 6, 8, 10, 13, 14, 20, 21, 28, 30, 35, 36, 39, 40, 42, 45, 52, 56, 72]
Queue length: 18. Visited 76000000 states. Current state: [3, 6, 7, 13, 14, 21, 27, 39, 49, 52, 54, 56, 63, 72]
Found: [2, 3, 4, 6, 7, 8, 14, 21, 24, 30, 36, 40, 45, 60, 72]
Queue length: 16. Visited 77000000 states. Current state: [3, 6, 10, 13, 14, 17, 18, 20, 34, 35, 39, 45, 48, 51, 52, 56, 63, 72]
Queue length: 22. Visited 78000000 states. Current state: [3, 6, 10, 13, 14, 18, 20, 22, 25, 27, 35, 39, 40, 48, 52, 55, 56, 63, 66, 72]
Queue length: 20. Visited 79000000 states. Current state: [3, 5, 6, 7, 10, 18, 24, 28, 40, 42, 45, 48, 54, 56, 69, 72]
Queue length: 20. Visited 80000000 states. Current state: [3, 5, 6, 10, 18, 24, 25, 27, 45, 49, 60, 70, 72]
Queue length: 24. Visited 81000000 states. Current state: [3, 6, 10, 18, 21, 25, 26, 27, 42, 48, 52, 60, 63, 65, 72]
Queue length: 20. Visited 82000000 states. Current state: [3, 5, 6, 7, 10, 18, 21, 26, 35, 45, 52, 56, 63, 65, 70, 72]
Queue length: 18. Visited 83000000 states. Current state: [3, 5, 6, 7, 10, 14, 18, 20, 21, 24, 36, 40, 48, 49, 50, 56, 60, 70, 72]
Found: [2, 3, 4, 6, 7, 8, 15, 21, 24, 28, 36, 40, 42, 45, 70, 72]
Found: [2, 3, 4, 6, 7, 8, 15, 20, 28, 30, 36, 40, 42, 45, 56, 60, 72]
Queue length: 29. Visited 84000000 states. Current state: [2, 3, 4, 6, 14, 15, 16, 20, 24, 28, 32, 36, 42, 45, 48, 60, 72]
Found: [2, 3, 4, 6, 7, 8, 15, 20, 24, 28, 36, 42, 45, 56, 60, 72]
Queue length: 20. Visited 85000000 states. Current state: [3, 6, 13, 14, 15, 18, 20, 24, 27, 35, 39, 40, 48, 50, 52, 54, 55, 56, 60, 63, 66, 72]
Found: [2, 3, 4, 6, 8, 10, 13, 14, 15, 20, 24, 36, 39, 45, 52, 56, 60, 70, 72]
Found: [2, 3, 4, 6, 8, 10, 13, 14, 15, 20, 30, 36, 39, 40, 45, 52, 56, 60, 70, 72]
Queue length: 21. Visited 86000000 states. Current state: [3, 5, 6, 11, 15, 20, 21, 22, 27, 35, 36, 48, 56, 66, 72]
Queue length: 19. Visited 87000000 states. Current state: [3, 5, 6, 7, 10, 13, 15, 18, 24, 28, 30, 35, 36, 39, 49, 52, 60, 70, 72]
Found: [2, 3, 5, 6, 7, 8, 10, 13, 14, 15, 20, 21, 24, 36, 39, 40, 45, 52, 72]
Found: [2, 3, 5, 6, 7, 8, 10, 13, 14, 15, 20, 24, 28, 35, 36, 39, 45, 52, 56, 60, 70, 72]
Found: [2, 3, 5, 6, 7, 8, 10, 13, 14, 15, 20, 28, 30, 35, 36, 39, 40, 45, 52, 56, 60, 70, 72]
Queue length: 20. Visited 88000000 states. Current state: [3, 5, 6, 11, 12, 14, 22, 25, 28, 40, 42, 44, 55, 60, 66, 72]
Found: [2, 3, 4, 6, 7, 8, 12, 28, 30, 36, 40, 42, 45, 56, 60, 72]
Found: [2, 3, 4, 6, 8, 10, 12, 13, 14, 30, 36, 39, 40, 45, 52, 56, 60, 70, 72]
Found: [2, 3, 5, 6, 7, 8, 10, 12, 13, 14, 28, 30, 35, 36, 39, 40, 45, 52, 56, 60, 70, 72]
Queue length: 19. Visited 89000000 states. Current state: [3, 5, 6, 7, 12, 14, 20, 25, 27, 28, 48, 49, 50, 54, 60, 70, 72]
Queue length: 21. Visited 90000000 states. Current state: [3, 5, 6, 12, 24, 26, 40, 52, 54, 60, 65, 72]
Found: [2, 3, 4, 6, 7, 8, 12, 24, 28, 36, 42, 45, 56, 60, 72]
Found: [2, 3, 4, 6, 7, 12, 13, 14, 20, 24, 28, 35, 36, 39, 40, 45, 52, 56, 60, 70, 72]
Found: [2, 3, 4, 6, 8, 10, 12, 13, 14, 24, 36, 39, 45, 52, 56, 60, 70, 72]
Found: [2, 3, 5, 6, 7, 8, 10, 12, 13, 14, 24, 28, 35, 36, 39, 45, 52, 56, 60, 70, 72]
Queue length: 14. Visited 91000000 states. Current state: [3, 5, 6, 7, 10, 12, 14, 24, 25, 28, 30, 35, 45, 56, 60, 65, 70, 72]
Queue length: 18. Visited 92000000 states. Current state: [3, 5, 6, 12, 13, 14, 24, 27, 30, 35, 36, 39, 40, 50, 52, 54, 56, 60, 63, 65, 72]
Found: [2, 3, 4, 6, 8, 10, 12, 13, 20, 21, 24, 35, 36, 39, 45, 52, 56, 72]
Found: [2, 3, 4, 6, 8, 10, 12, 13, 20, 21, 30, 35, 36, 39, 40, 45, 52, 56, 72]
Found: [2, 3, 4, 6, 8, 10, 12, 14, 20, 21, 24, 28, 35, 36, 42, 45, 56, 72]
Found: [2, 3, 4, 6, 8, 10, 12, 14, 20, 21, 28, 30, 35, 36, 40, 42, 45, 56, 72]
Queue length: 15. Visited 93000000 states. Current state: [3, 5, 6, 10, 12, 14, 21, 22, 25, 27, 28, 35, 42, 44, 45, 55, 56, 72]
Queue length: 14. Visited 94000000 states. Current state: [3, 5, 6, 7, 10, 12, 13, 14, 21, 27, 36, 39, 45, 50, 52, 65, 72]
Found: [2, 3, 5, 6, 7, 8, 10, 12, 13, 14, 21, 24, 36, 39, 40, 45, 52, 72]
Queue length: 20. Visited 95000000 states. Current state: [3, 6, 11, 12, 18, 25, 36, 44, 54, 55, 60, 72]
Queue length: 18. Visited 96000000 states. Current state: [3, 5, 6, 10, 12, 13, 14, 18, 25, 27, 28, 39, 42, 48, 50, 52, 54, 55, 60, 66, 72]
Queue length: 18. Visited 97000000 states. Current state: [3, 5, 6, 7, 10, 12, 13, 18, 22, 24, 28, 35, 39, 48, 50, 52, 54, 55, 60, 72]
Queue length: 22. Visited 98000000 states. Current state: [3, 6, 12, 13, 14, 18, 20, 24, 27, 35, 39, 44, 52, 54, 55, 56, 60, 63, 72]
Queue length: 20. Visited 99000000 states. Current state: [3, 6, 12, 18, 21, 24, 36, 42, 44, 55, 63, 66, 72]
Queue length: 18. Visited 100000000 states. Current state: [3, 6, 7, 10, 11, 12, 18, 21, 28, 36, 42, 48, 54, 66, 70, 72]
Queue length: 10. Visited 101000000 states. Current state: [3, 5, 6, 7, 12, 14, 18, 20, 21, 24, 28, 30, 40, 50, 60, 70, 72]
Found: [2, 3, 4, 6, 8, 12, 13, 14, 15, 21, 24, 28, 30, 35, 36, 39, 42, 45, 52, 56, 72]
Found: [2, 3, 4, 6, 8, 12, 13, 14, 15, 20, 24, 28, 30, 36, 39, 40, 42, 45, 52, 60, 72]
Found: [2, 3, 4, 6, 7, 12, 13, 15, 20, 24, 28, 30, 36, 39, 40, 42, 45, 52, 56, 60, 72]
Queue length: 23. Visited 102000000 states. Current state: [3, 6, 12, 13, 15, 20, 24, 25, 27, 28, 39, 52, 60, 70, 72]
Queue length: 11. Visited 103000000 states. Current state: [3, 6, 11, 12, 14, 15, 18, 20, 24, 25, 27, 30, 33, 35, 40, 45, 50, 55, 56, 63, 72]
Found: [2, 3, 4, 6, 8, 10, 12, 14, 15, 20, 24, 36, 45, 56, 60, 70, 72]
Found: [2, 3, 4, 6, 8, 10, 12, 14, 15, 20, 30, 36, 40, 45, 56, 60, 70, 72]
Queue length: 15. Visited 104000000 states. Current state: [3, 5, 6, 12, 14, 15, 18, 20, 21, 27, 28, 35, 40, 42, 48, 50, 55, 56, 60, 72]
Found: [2, 3, 5, 6, 7, 8, 10, 12, 13, 15, 24, 28, 30, 36, 39, 42, 45, 52, 56, 60, 72]
Queue length: 16. Visited 105000000 states. Current state: [3, 5, 6, 7, 10, 12, 14, 15, 18, 21, 22, 30, 40, 44, 48, 54, 55, 60, 72]
Found: [2, 3, 5, 6, 7, 8, 10, 12, 13, 15, 20, 28, 36, 39, 40, 42, 45, 52, 56, 72]
Found: [2, 3, 5, 6, 7, 8, 10, 12, 14, 15, 20, 21, 24, 36, 40, 45, 72]
Found: [2, 3, 5, 6, 7, 8, 10, 12, 14, 15, 20, 24, 28, 35, 36, 45, 56, 60, 70, 72]
Found: [2, 3, 5, 6, 7, 8, 10, 12, 14, 15, 20, 28, 30, 35, 36, 40, 45, 56, 60, 70, 72]
Queue length: 22. Visited 106000000 states. Current state: [3, 6, 9, 13, 20, 39, 44, 48, 50, 52, 55, 60, 66, 72]
Queue length: 14. Visited 107000000 states. Current state: [3, 5, 6, 7, 9, 10, 13, 20, 25, 26, 27, 28, 40, 42, 45, 50, 56, 65, 72]
Queue length: 16. Visited 108000000 states. Current state: [3, 5, 6, 7, 9, 10, 24, 25, 40, 45, 49, 50, 56, 60, 63, 70, 72]
Found: [2, 3, 5, 6, 7, 8, 9, 10, 14, 20, 24, 28, 40, 42, 60, 63, 70, 72]
Found: [2, 3, 5, 6, 7, 8, 9, 10, 13, 20, 24, 39, 40, 52, 60, 63, 70, 72]
Queue length: 21. Visited 109000000 states. Current state: [3, 6, 9, 10, 14, 24, 25, 27, 35, 44, 48, 50, 54, 55, 56, 63, 66, 72]
Queue length: 25. Visited 110000000 states. Current state: [3, 6, 9, 10, 11, 13, 21, 22, 39, 42, 48, 52, 54, 55, 60, 63, 72]
Found: [2, 3, 4, 6, 8, 9, 10, 14, 21, 30, 40, 42, 56, 63, 70, 72]
Found: [2, 3, 4, 6, 8, 9, 10, 14, 21, 24, 42, 56, 63, 70, 72]
Found: [2, 3, 4, 6, 8, 9, 13, 14, 20, 21, 24, 35, 39, 40, 52, 63, 70, 72]
Found: [2, 3, 4, 6, 7, 9, 13, 20, 21, 24, 35, 39, 40, 52, 56, 63, 70, 72]
Queue length: 15. Visited 111000000 states. Current state: [3, 5, 6, 7, 9, 13, 21, 30, 35, 40, 45, 52, 56, 63, 65, 70, 72]
Found: [2, 3, 5, 6, 7, 8, 9, 10, 13, 21, 30, 35, 39, 40, 52, 56, 63, 70, 72]
Found: [2, 3, 5, 6, 7, 8, 9, 10, 13, 21, 24, 35, 39, 52, 56, 63, 70, 72]
Found: [2, 3, 5, 6, 7, 8, 9, 10, 14, 21, 28, 30, 35, 40, 42, 56, 63, 70, 72]
Found: [2, 3, 4, 6, 7, 9, 14, 20, 21, 24, 28, 35, 40, 42, 56, 63, 70, 72]
Found: [2, 3, 5, 6, 7, 8, 9, 10, 14, 21, 24, 28, 35, 42, 56, 63, 70, 72]
Queue length: 14. Visited 112000000 states. Current state: [3, 6, 7, 9, 10, 13, 14, 21, 22, 24, 28, 35, 39, 40, 42, 45, 52, 55, 56, 63, 70, 72]
Queue length: 18. Visited 113000000 states. Current state: [3, 5, 6, 9, 11, 14, 18, 22, 28, 36, 40, 42, 48, 55, 60, 72]
Found: [2, 3, 4, 6, 8, 9, 10, 14, 18, 30, 40, 56, 70, 72]
Found: [2, 3, 5, 6, 7, 8, 9, 10, 14, 18, 28, 30, 35, 40, 56, 70, 72]
Queue length: 19. Visited 114000000 states. Current state: [3, 5, 6, 9, 10, 14, 18, 20, 27, 35, 36, 48, 50, 56, 60, 63, 70, 72]
Queue length: 25. Visited 115000000 states. Current state: [2, 3, 5, 6, 7, 8, 9, 13, 18, 24, 32, 36, 39, 40, 44, 48, 52, 54, 55, 63, 70, 72]
Found: [2, 3, 5, 6, 7, 8, 9, 10, 14, 18, 24, 28, 35, 56, 70, 72]
Found: [2, 3, 4, 6, 7, 9, 13, 18, 24, 28, 30, 39, 40, 42, 52, 56, 72]
Found: [2, 3, 4, 6, 7, 9, 14, 18, 20, 24, 28, 35, 40, 56, 70, 72]
Found: [2, 3, 4, 6, 8, 9, 13, 14, 18, 24, 28, 30, 39, 40, 42, 52, 72]
Queue length: 20. Visited 116000000 states. Current state: [2, 3, 4, 6, 8, 9, 14, 18, 20, 24, 25, 27, 28, 42, 48, 60, 70, 72]
Found: [2, 3, 4, 6, 8, 9, 10, 14, 18, 24, 56, 70, 72]
Queue length: 16. Visited 117000000 states. Current state: [3, 5, 6, 9, 10, 11, 14, 18, 21, 22, 24, 28, 35, 36, 40, 42, 50, 55, 56, 60, 72]
Found: [2, 3, 5, 6, 7, 8, 9, 10, 18, 20, 21, 24, 28, 40, 42, 60, 70, 72]
Queue length: 13. Visited 118000000 states. Current state: [3, 5, 6, 7, 9, 10, 11, 14, 18, 21, 22, 27, 28, 30, 35, 40, 42, 44, 48, 54, 55, 56, 63, 66, 70, 72]
Found: [2, 3, 5, 6, 7, 8, 9, 13, 14, 18, 20, 21, 24, 39, 40, 52, 60, 72]
Queue length: 20. Visited 119000000 states. Current state: [3, 6, 7, 9, 11, 15, 20, 27, 28, 30, 36, 40, 42, 44, 55, 56, 66, 72]
Found: [2, 3, 4, 6, 8, 9, 13, 15, 20, 24, 28, 30, 35, 39, 42, 52, 56, 60, 63, 70, 72]
Found: [2, 3, 4, 6, 8, 9, 13, 15, 20, 21, 24, 30, 39, 40, 42, 52, 63, 72]
Queue length: 15. Visited 120000000 states. Current state: [3, 6, 7, 9, 13, 14, 15, 18, 20, 24, 35, 36, 39, 48, 49, 52, 56, 63, 70, 72]
Found: [2, 3, 4, 6, 8, 9, 14, 15, 18, 20, 24, 28, 30, 40, 42, 72]
Found: [2, 3, 4, 6, 7, 9, 15, 18, 20, 24, 28, 30, 40, 42, 56, 72]
Found: [2, 3, 4, 6, 8, 9, 13, 15, 18, 20, 24, 30, 39, 40, 52, 72]
Found: [2, 3, 4, 6, 9, 10, 13, 14, 15, 18, 20, 24, 30, 39, 40, 52, 56, 70, 72]
Found: [2, 3, 4, 6, 9, 10, 13, 14, 15, 20, 21, 24, 30, 39, 40, 42, 52, 56, 63, 70, 72]
Queue length: 17. Visited 121000000 states. Current state: [3, 5, 6, 9, 14, 15, 17, 18, 24, 27, 30, 34, 40, 48, 51, 56, 60, 68, 70, 72]
Found: [2, 3, 5, 6, 7, 8, 9, 13, 15, 18, 21, 24, 28, 30, 39, 40, 42, 52, 60, 70, 72]
Found: [2, 3, 5, 6, 7, 8, 9, 13, 14, 15, 24, 28, 30, 39, 40, 42, 52, 60, 63, 70, 72]
Found: [2, 3, 5, 6, 7, 8, 9, 13, 15, 18, 20, 24, 28, 30, 35, 39, 40, 52, 72]
Found: [2, 3, 5, 6, 7, 8, 9, 13, 15, 20, 21, 24, 28, 30, 35, 39, 40, 42, 52, 63, 72]
Queue length: 16. Visited 122000000 states. Current state: [3, 5, 6, 7, 9, 10, 13, 15, 18, 28, 30, 36, 39, 42, 48, 50, 52, 55, 56, 60, 72]
Found: [2, 3, 5, 6, 7, 8, 9, 10, 15, 18, 24, 28, 30, 42, 56, 72]
Found: [2, 3, 5, 6, 7, 8, 9, 10, 15, 20, 21, 24, 35, 56, 63, 70, 72]
Found: [2, 3, 5, 6, 7, 8, 9, 10, 15, 20, 21, 30, 35, 40, 56, 63, 70, 72]
Found: [2, 3, 5, 6, 7, 9, 10, 13, 14, 15, 18, 20, 24, 28, 30, 35, 39, 40, 52, 56, 70, 72]
Found: [2, 3, 5, 6, 7, 9, 10, 13, 14, 15, 20, 21, 24, 28, 30, 35, 39, 40, 42, 52, 56, 63, 70, 72]
Queue length: 22. Visited 123000000 states. Current state: [3, 6, 7, 9, 12, 22, 28, 35, 40, 50, 55, 60, 72]
Found: [2, 3, 4, 6, 8, 9, 12, 13, 20, 28, 35, 39, 40, 42, 52, 56, 63, 70, 72]
Queue length: 14. Visited 124000000 states. Current state: [3, 5, 6, 9, 12, 14, 20, 25, 28, 30, 42, 49, 50, 70, 72]
Queue length: 20. Visited 125000000 states. Current state: [3, 6, 7, 9, 10, 12, 13, 20, 27, 28, 30, 39, 48, 52, 56, 60, 63, 70, 72]
Found: [2, 3, 5, 6, 7, 8, 9, 10, 12, 20, 24, 40, 60, 63, 70, 72]
Queue length: 21. Visited 126000000 states. Current state: [3, 6, 9, 12, 13, 24, 30, 36, 39, 40, 45, 52, 54, 56, 60, 63, 72]
Found: [2, 3, 4, 6, 8, 9, 12, 13, 24, 28, 30, 35, 39, 42, 52, 56, 60, 63, 70, 72]
Queue length: 19. Visited 127000000 states. Current state: [3, 5, 6, 9, 12, 13, 14, 24, 27, 28, 36, 39, 40, 42, 50, 52, 60, 70, 72]
Found: [2, 3, 4, 6, 8, 9, 12, 13, 21, 24, 30, 39, 40, 42, 52, 63, 72]
Found: [2, 3, 4, 6, 9, 10, 12, 13, 14, 21, 24, 30, 39, 40, 42, 52, 56, 63, 70, 72]
Found: [2, 3, 4, 6, 8, 9, 12, 14, 20, 21, 24, 35, 40, 63, 70, 72]
Queue length: 19. Visited 128000000 states. Current state: [2, 3, 5, 6, 9, 10, 11, 12, 14, 21, 30, 32, 33, 35, 40, 44, 63, 66, 70, 72]
Found: [2, 3, 4, 6, 7, 9, 12, 20, 21, 24, 35, 40, 56, 63, 70, 72]
Found: [2, 3, 5, 6, 7, 8, 9, 10, 12, 21, 30, 35, 40, 56, 63, 70, 72]
Found: [2, 3, 5, 6, 7, 8, 9, 10, 12, 21, 24, 35, 56, 63, 70, 72]
Found: [2, 3, 5, 6, 7, 8, 9, 12, 13, 21, 24, 28, 30, 35, 39, 40, 42, 52, 63, 72]
Queue length: 21. Visited 129000000 states. Current state: [3, 6, 7, 9, 10, 12, 14, 21, 25, 27, 49, 56, 60, 63, 70, 72]
Found: [2, 3, 5, 6, 7, 9, 10, 12, 13, 14, 21, 24, 28, 30, 35, 39, 40, 42, 52, 56, 63, 70, 72]
Queue length: 21. Visited 130000000 states. Current state: [3, 5, 6, 9, 11, 12, 13, 14, 18, 22, 35, 39, 44, 48, 52, 55, 56, 60, 63, 72]
Found: [2, 3, 5, 6, 7, 8, 9, 12, 13, 18, 20, 28, 39, 40, 42, 52, 56, 60, 72]
Queue length: 17. Visited 131000000 states. Current state: [3, 6, 7, 9, 10, 12, 14, 18, 20, 26, 27, 28, 42, 45, 60, 63, 65, 70, 72]
Queue length: 13. Visited 132000000 states. Current state: [3, 5, 6, 7, 9, 10, 12, 14, 18, 20, 24, 25, 28, 45, 49, 56, 60, 63, 70, 72]
Found: [2, 3, 4, 6, 8, 9, 12, 14, 18, 24, 28, 30, 40, 42, 72]
Found: [2, 3, 4, 6, 7, 9, 12, 18, 24, 28, 30, 40, 42, 56, 72]
Found: [2, 3, 4, 6, 8, 9, 12, 13, 18, 24, 30, 39, 40, 52, 72]
Found: [2, 3, 4, 6, 9, 10, 12, 13, 14, 18, 24, 30, 39, 40, 52, 56, 70, 72]
Found: [2, 3, 5, 6, 7, 8, 9, 12, 13, 18, 24, 28, 30, 35, 39, 40, 52, 72]
Found: [2, 3, 5, 6, 7, 9, 10, 12, 13, 14, 18, 24, 28, 30, 35, 39, 40, 52, 56, 70, 72]
Queue length: 18. Visited 133000000 states. Current state: [3, 5, 6, 9, 12, 18, 24, 27, 40, 48, 54, 55, 60, 66, 72]
Queue length: 20. Visited 134000000 states. Current state: [3, 6, 9, 10, 12, 18, 21, 22, 25, 36, 40, 42, 48, 50, 54, 55, 60, 63, 72]
Found: [2, 3, 5, 6, 8, 9, 10, 12, 13, 14, 18, 20, 21, 24, 28, 30, 35, 39, 42, 52, 56, 60, 72]
Queue length: 13. Visited 135000000 states. Current state: [3, 5, 6, 9, 12, 13, 14, 18, 21, 24, 25, 27, 28, 35, 36, 39, 42, 45, 50, 52, 56, 72]
Found: [2, 3, 5, 6, 7, 8, 9, 12, 14, 18, 20, 21, 24, 40, 60, 72]
Queue length: 12. Visited 136000000 states. Current state: [3, 5, 6, 7, 9, 12, 13, 14, 18, 20, 21, 24, 25, 26, 28, 35, 40, 42, 52, 56, 63, 65, 70, 72]
Queue length: 16. Visited 137000000 states. Current state: [3, 6, 7, 9, 11, 12, 14, 15, 20, 24, 25, 28, 42, 44, 55, 63, 70, 72]
Found: [2, 3, 4, 6, 8, 9, 12, 15, 20, 24, 28, 30, 35, 42, 56, 60, 63, 70, 72]
Found: [2, 3, 4, 6, 8, 9, 12, 15, 20, 21, 24, 30, 40, 42, 63, 72]
Found: [2, 3, 4, 6, 8, 9, 12, 15, 18, 20, 24, 30, 40, 72]
Queue length: 14. Visited 138000000 states. Current state: [3, 6, 9, 12, 15, 18, 20, 24, 25, 27, 28, 40, 45, 49, 50, 56, 60, 70, 72]
Found: [2, 3, 4, 6, 9, 10, 12, 14, 15, 18, 20, 24, 30, 40, 56, 70, 72]
Found: [2, 3, 4, 6, 9, 10, 12, 14, 15, 20, 21, 24, 30, 40, 42, 56, 63, 70, 72]
Found: [2, 3, 5, 6, 7, 8, 9, 12, 13, 15, 24, 30, 39, 40, 52, 60, 63, 70, 72]
Found: [2, 3, 5, 6, 7, 8, 9, 12, 15, 18, 21, 24, 28, 30, 40, 42, 60, 70, 72]
Found: [2, 3, 5, 6, 7, 8, 9, 12, 14, 15, 24, 28, 30, 40, 42, 60, 63, 70, 72]
Queue length: 12. Visited 139000000 states. Current state: [3, 5, 6, 9, 12, 15, 21, 22, 25, 30, 35, 44, 45, 55, 56, 72]
Found: [2, 3, 5, 6, 7, 8, 9, 12, 15, 18, 20, 24, 28, 30, 35, 40, 72]
Found: [2, 3, 5, 6, 7, 8, 9, 12, 15, 20, 21, 24, 28, 30, 35, 40, 42, 63, 72]
Queue length: 16. Visited 140000000 states. Current state: [3, 5, 6, 9, 10, 12, 13, 14, 15, 18, 27, 28, 30, 39, 40, 42, 48, 50, 52, 55, 60, 66, 72]
Found: [2, 3, 5, 6, 8, 9, 10, 12, 13, 14, 15, 20, 21, 24, 30, 35, 39, 40, 52, 63, 70, 72]
Found: [2, 3, 5, 6, 7, 9, 10, 12, 13, 15, 20, 21, 24, 30, 35, 39, 40, 52, 56, 63, 70, 72]
Found: [2, 3, 5, 6, 7, 9, 10, 12, 14, 15, 18, 20, 24, 28, 30, 35, 40, 56, 70, 72]
Found: [2, 3, 5, 6, 7, 9, 10, 12, 14, 15, 20, 21, 24, 28, 30, 35, 40, 42, 56, 63, 70, 72]
Last number: 73. Current total: 301
Last number: 74. Current total: 301
Last number: 75. Current total: 301
Queue length: 5. Visited 1000000 states. Current state: [5, 15, 20, 25, 30, 33, 45, 50, 55, 75]
Last number: 76. Current total: 301
Last number: 77. Current total: 301
Last number: 78. Current total: 301
Last number: 79. Current total: 301
Last number: 80. Current total: 301
Queue length: 31. Visited 1000000 states. Current state: [3, 7, 9, 11, 13, 22, 28, 36, 39, 49, 52, 54, 60, 70, 75, 77, 80]
Queue length: 27. Visited 2000000 states. Current state: [3, 7, 9, 12, 13, 14, 21, 24, 27, 36, 39, 49, 52, 60, 70, 72, 75, 77, 80]
Queue length: 28. Visited 3000000 states. Current state: [3, 6, 14, 18, 26, 27, 28, 36, 42, 48, 52, 60, 78, 80]
Queue length: 24. Visited 4000000 states. Current state: [3, 6, 11, 12, 13, 18, 22, 24, 27, 28, 39, 52, 54, 56, 60, 63, 66, 70, 77, 80]
Queue length: 26. Visited 5000000 states. Current state: [3, 6, 7, 9, 14, 18, 21, 24, 28, 48, 49, 60, 70, 75, 77, 80]
Queue length: 14. Visited 6000000 states. Current state: [11, 14, 21, 22, 42, 44, 45, 49, 50, 56, 60, 70, 77, 80]
Queue length: 27. Visited 7000000 states. Current state: [3, 6, 12, 14, 22, 35, 40, 45, 55, 56, 60, 63, 80]
Queue length: 18. Visited 8000000 states. Current state: [3, 6, 9, 11, 12, 14, 18, 21, 24, 27, 28, 35, 36, 40, 42, 44, 45, 48, 54, 55, 56, 72, 75, 77, 80]
Queue length: 21. Visited 9000000 states. Current state: [3, 7, 9, 12, 13, 18, 27, 28, 35, 39, 40, 45, 50, 52, 54, 56, 60, 70, 77, 80]
Queue length: 19. Visited 10000000 states. Current state: [3, 6, 7, 9, 11, 12, 13, 22, 24, 28, 35, 39, 40, 45, 48, 49, 52, 55, 56, 63, 70, 77, 80]
Queue length: 19. Visited 11000000 states. Current state: [30, 42, 44, 45, 50, 63, 66, 70, 77, 80]
Queue length: 20. Visited 12000000 states. Current state: [2, 3, 4, 7, 9, 12, 13, 14, 21, 22, 24, 28, 30, 39, 40, 42, 49, 52, 56, 60, 63, 77, 80]
Queue length: 19. Visited 13000000 states. Current state: [2, 3, 4, 7, 8, 11, 13, 14, 21, 22, 27, 30, 36, 39, 40, 42, 44, 52, 56, 60, 70, 77, 80]
Queue length: 24. Visited 14000000 states. Current state: [2, 3, 4, 7, 8, 9, 12, 24, 26, 28, 30, 36, 40, 42, 54, 56, 60, 65, 72, 75, 80]
Queue length: 25. Visited 15000000 states. Current state: [2, 3, 4, 6, 7, 14, 18, 22, 27, 28, 30, 36, 40, 49, 60, 63, 77, 80]
Queue length: 28. Visited 16000000 states. Current state: [2, 3, 4, 6, 9, 11, 13, 30, 39, 40, 44, 52, 60, 63, 70, 77, 80]
Queue length: 13. Visited 17000000 states. Current state: [7, 11, 21, 22, 30, 33, 40, 45, 49, 60, 63, 70, 77, 80]
Queue length: 19. Visited 18000000 states. Current state: [11, 20, 40, 42, 44, 49, 70, 77, 80]
Queue length: 19. Visited 19000000 states. Current state: [11, 20, 21, 30, 49, 60, 63, 70, 77, 80]
Queue length: 17. Visited 20000000 states. Current state: [11, 20, 21, 25, 42, 49, 56, 63, 66, 70, 77, 80]
Queue length: 19. Visited 21000000 states. Current state: [3, 9, 11, 12, 14, 15, 21, 22, 24, 33, 40, 42, 56, 63, 70, 77, 80]
Queue length: 17. Visited 22000000 states. Current state: [3, 7, 9, 12, 15, 21, 27, 28, 36, 40, 42, 45, 51, 60, 70, 80]
Queue length: 20. Visited 23000000 states. Current state: [3, 9, 11, 12, 13, 15, 21, 24, 30, 35, 39, 40, 45, 52, 56, 60, 63, 70, 77, 80]
Queue length: 20. Visited 24000000 states. Current state: [3, 6, 9, 12, 15, 21, 24, 30, 35, 36, 54, 56, 63, 77, 80]
Queue length: 22. Visited 25000000 states. Current state: [3, 6, 12, 13, 14, 15, 18, 26, 30, 35, 36, 40, 56, 60, 63, 65, 78, 80]
Queue length: 24. Visited 26000000 states. Current state: [3, 9, 13, 14, 15, 18, 21, 22, 24, 28, 30, 35, 36, 39, 42, 45, 52, 56, 60, 70, 75, 77, 80]
Queue length: 20. Visited 27000000 states. Current state: [3, 6, 9, 14, 15, 18, 21, 22, 24, 27, 28, 30, 35, 42, 55, 56, 63, 77, 80]
Queue length: 21. Visited 28000000 states. Current state: [3, 7, 12, 13, 15, 22, 27, 28, 30, 35, 36, 39, 45, 49, 52, 54, 60, 63, 70, 77, 80]
Queue length: 20. Visited 29000000 states. Current state: [3, 7, 9, 15, 18, 24, 27, 28, 30, 35, 36, 45, 48, 49, 54, 60, 63, 77, 80]
Queue length: 25. Visited 30000000 states. Current state: [3, 6, 7, 13, 15, 18, 27, 28, 30, 35, 39, 40, 48, 52, 54, 56, 60, 70, 77, 80]
Queue length: 24. Visited 31000000 states. Current state: [3, 6, 7, 9, 15, 24, 27, 28, 30, 35, 36, 40, 75, 80]
Queue length: 17. Visited 32000000 states. Current state: [3, 7, 13, 15, 21, 24, 27, 28, 30, 35, 36, 40, 42, 45, 52, 60, 63, 65, 80]
Queue length: 19. Visited 33000000 states. Current state: [3, 6, 7, 12, 15, 18, 21, 28, 30, 35, 40, 42, 50, 54, 60, 63, 70, 80]
Queue length: 12. Visited 34000000 states. Current state: [7, 11, 14, 15, 25, 28, 30, 33, 42, 45, 50, 56, 60, 70, 77, 80]
Queue length: 22. Visited 35000000 states. Current state: [3, 11, 12, 14, 15, 20, 22, 24, 27, 28, 36, 44, 48, 60, 63, 70, 77, 80]
Queue length: 26. Visited 36000000 states. Current state: [3, 7, 9, 14, 15, 18, 20, 27, 28, 36, 48, 54, 60, 70, 75, 77, 80]
Queue length: 25. Visited 37000000 states. Current state: [3, 9, 12, 13, 15, 18, 20, 24, 27, 28, 39, 44, 52, 54, 60, 63, 77, 80]
Queue length: 22. Visited 38000000 states. Current state: [3, 6, 7, 11, 14, 15, 18, 20, 21, 22, 24, 36, 44, 56, 60, 63, 70, 77, 80]
Queue length: 26. Visited 39000000 states. Current state: [3, 6, 7, 9, 11, 15, 20, 27, 49, 54, 60, 63, 70, 77, 80]
Queue length: 21. Visited 40000000 states. Current state: [3, 6, 9, 12, 15, 20, 22, 24, 36, 48, 60, 66, 80]
Queue length: 21. Visited 41000000 states. Current state: [3, 9, 11, 13, 15, 20, 21, 24, 27, 35, 39, 40, 45, 48, 50, 52, 55, 56, 60, 77, 80]
Queue length: 19. Visited 42000000 states. Current state: [3, 6, 12, 13, 14, 15, 20, 23, 24, 27, 35, 39, 40, 45, 48, 52, 56, 63, 69, 80]
Queue length: 16. Visited 43000000 states. Current state: [3, 6, 9, 12, 14, 15, 20, 21, 22, 24, 28, 35, 40, 42, 44, 45, 48, 54, 55, 56, 63, 66, 77, 80]
Queue length: 14. Visited 44000000 states. Current state: [3, 7, 9, 12, 13, 15, 20, 22, 27, 28, 35, 36, 39, 40, 42, 45, 49, 52, 55, 56, 63, 77, 80]
Queue length: 23. Visited 45000000 states. Current state: [3, 6, 7, 9, 11, 15, 18, 20, 24, 27, 28, 35, 40, 45, 49, 54, 56, 70, 72, 75, 77, 80]
Queue length: 7. Visited 46000000 states. Current state: [7, 11, 14, 15, 20, 21, 35, 49, 63, 70, 77, 80]
Queue length: 22. Visited 47000000 states. Current state: [3, 7, 11, 12, 13, 14, 15, 20, 21, 22, 27, 30, 36, 39, 40, 49, 52, 60, 63, 70, 77, 80]
Queue length: 25. Visited 48000000 states. Current state: [3, 9, 11, 15, 18, 20, 22, 24, 28, 30, 40, 44, 48, 54, 56, 60, 70, 75, 77, 80]
Queue length: 17. Visited 49000000 states. Current state: [3, 9, 12, 14, 15, 18, 20, 24, 27, 30, 36, 40, 48, 49, 54, 60, 63, 80]
Queue length: 19. Visited 50000000 states. Current state: [3, 6, 7, 11, 12, 15, 20, 30, 40, 42, 60, 63, 70, 77, 80]
Queue length: 28. Visited 51000000 states. Current state: [3, 6, 9, 13, 15, 20, 27, 30, 36, 39, 40, 44, 49, 52, 60, 70, 72, 75, 77, 80]
Queue length: 22. Visited 52000000 states. Current state: [3, 6, 7, 9, 12, 13, 14, 15, 20, 22, 24, 27, 30, 39, 40, 44, 52, 60, 63, 77, 80]
Queue length: 15. Visited 53000000 states. Current state: [15, 20, 21, 25, 28, 33, 40, 44, 45, 63, 66, 70, 77, 80]
Queue length: 27. Visited 54000000 states. Current state: [2, 3, 4, 7, 10, 12, 13, 18, 21, 28, 39, 42, 44, 52, 56, 60, 63, 66, 70, 77, 80]
Queue length: 18. Visited 55000000 states. Current state: [3, 6, 9, 10, 12, 13, 18, 24, 26, 27, 28, 35, 36, 40, 42, 45, 48, 52, 56, 63, 65, 70, 72, 78, 80]
Queue length: 24. Visited 56000000 states. Current state: [3, 6, 7, 9, 10, 21, 26, 35, 36, 40, 45, 50, 56, 63, 65, 70, 72, 75, 80]
Queue length: 14. Visited 57000000 states. Current state: [3, 6, 7, 10, 14, 21, 24, 28, 34, 35, 40, 42, 45, 48, 51, 56, 63, 68, 70, 80]
Queue length: 13. Visited 58000000 states. Current state: [3, 6, 7, 10, 11, 12, 14, 18, 24, 27, 28, 30, 33, 40, 42, 60, 63, 70, 80]
Queue length: 14. Visited 59000000 states. Current state: [7, 10, 20, 21, 42, 50, 56, 70, 80]
Queue length: 13. Visited 60000000 states. Current state: [3, 9, 10, 11, 12, 18, 20, 21, 24, 27, 35, 36, 40, 44, 45, 50, 55, 56, 80]
Queue length: 21. Visited 61000000 states. Current state: [3, 6, 9, 10, 12, 13, 18, 20, 21, 22, 24, 27, 35, 36, 39, 52, 54, 56, 66, 80]
Queue length: 24. Visited 62000000 states. Current state: [3, 6, 10, 12, 13, 14, 20, 24, 27, 35, 39, 44, 52, 55, 56, 60, 63, 80]
Queue length: 29. Visited 63000000 states. Current state: [2, 3, 4, 8, 9, 10, 13, 14, 16, 20, 21, 28, 35, 36, 42, 45, 48, 54, 56, 60, 65, 72, 75, 78, 80]
Queue length: 18. Visited 64000000 states. Current state: [3, 6, 9, 10, 13, 14, 20, 21, 22, 28, 35, 36, 39, 40, 42, 50, 52, 55, 56, 60, 80]
Queue length: 26. Visited 65000000 states. Current state: [2, 3, 4, 7, 9, 10, 13, 20, 27, 28, 35, 36, 39, 45, 50, 52, 70, 80]
Queue length: 26. Visited 66000000 states. Current state: [2, 3, 4, 7, 10, 16, 18, 20, 24, 28, 35, 36, 40, 48, 50, 70, 72, 75, 77, 80]
Queue length: 23. Visited 67000000 states. Current state: [2, 3, 4, 7, 9, 10, 11, 12, 20, 22, 27, 28, 35, 40, 44, 50, 55, 72, 75, 80]
Queue length: 25. Visited 68000000 states. Current state: [2, 3, 4, 7, 8, 10, 13, 18, 20, 24, 28, 35, 36, 39, 50, 52, 54, 55, 75, 80]
Queue length: 26. Visited 69000000 states. Current state: [2, 3, 4, 7, 8, 10, 12, 20, 24, 26, 27, 28, 35, 36, 52, 65, 75, 80]
Queue length: 23. Visited 70000000 states. Current state: [3, 7, 10, 11, 18, 20, 21, 24, 27, 28, 35, 36, 42, 44, 48, 54, 63, 70, 72, 75, 77, 80]
Queue length: 20. Visited 71000000 states. Current state: [3, 6, 7, 10, 11, 12, 13, 18, 20, 21, 24, 27, 28, 35, 36, 39, 40, 42, 50, 52, 54, 63, 70, 72, 75, 77, 80]
Queue length: 35. Visited 72000000 states. Current state: [2, 3, 4, 8, 9, 10, 13, 16, 20, 21, 30, 35, 39, 40, 52, 56, 65, 75, 80]
Queue length: 14. Visited 73000000 states. Current state: [2, 3, 4, 6, 9, 10, 12, 17, 18, 20, 21, 27, 30, 34, 35, 36, 40, 51, 56, 80]
Queue length: 25. Visited 74000000 states. Current state: [3, 10, 13, 14, 20, 21, 24, 26, 28, 30, 35, 40, 42, 45, 56, 60, 65, 78, 80]
Queue length: 20. Visited 75000000 states. Current state: [3, 6, 9, 10, 13, 14, 20, 21, 24, 27, 28, 30, 35, 36, 40, 42, 45, 56, 60, 72, 78, 80]
Queue length: 17. Visited 76000000 states. Current state: [3, 7, 10, 11, 12, 18, 20, 22, 24, 27, 28, 30, 35, 36, 40, 44, 48, 56, 63, 77, 80]
Queue length: 18. Visited 77000000 states. Current state: [2, 3, 6, 7, 8, 9, 10, 12, 20, 24, 27, 28, 30, 35, 36, 40, 49, 56, 63, 80]
Queue length: 21. Visited 78000000 states. Current state: [3, 6, 7, 10, 18, 20, 21, 26, 28, 30, 35, 40, 42, 48, 60, 63, 65, 80]
Queue length: 11. Visited 79000000 states. Current state: [10, 20, 21, 25, 28, 30, 40, 45, 60, 70, 80]
Queue length: 24. Visited 80000000 states. Current state: [3, 7, 10, 11, 14, 15, 21, 28, 45, 48, 63, 70, 77, 80]
Queue length: 23. Visited 81000000 states. Current state: [3, 10, 11, 15, 18, 22, 24, 27, 36, 44, 45, 48, 54, 56, 60, 70, 77, 80]
Queue length: 16. Visited 82000000 states. Current state: [3, 7, 10, 12, 15, 24, 36, 42, 45, 49, 56, 70, 80]
Queue length: 21. Visited 83000000 states. Current state: [3, 7, 10, 11, 12, 15, 18, 22, 27, 36, 44, 45, 48, 55, 56, 63, 70, 77, 80]
Queue length: 21. Visited 84000000 states. Current state: [3, 7, 9, 10, 11, 13, 14, 15, 22, 28, 39, 45, 48, 52, 56, 63, 70, 77, 80]
Queue length: 19. Visited 85000000 states. Current state: [3, 7, 9, 10, 14, 15, 21, 22, 28, 42, 44, 45, 49, 70, 77, 80]
Queue length: 20. Visited 86000000 states. Current state: [3, 7, 9, 10, 14, 15, 18, 22, 24, 27, 44, 45, 54, 56, 63, 70, 77, 80]
Queue length: 23. Visited 87000000 states. Current state: [3, 9, 10, 12, 13, 15, 22, 27, 28, 36, 39, 45, 49, 52, 56, 63, 66, 70, 77, 80]
Queue length: 23. Visited 88000000 states. Current state: [3, 9, 10, 12, 14, 15, 18, 36, 45, 49, 54, 63, 70, 77, 80]
Queue length: 25. Visited 89000000 states. Current state: [3, 7, 9, 10, 12, 14, 15, 18, 21, 27, 45, 50, 56, 70, 72, 75, 77, 80]
Queue length: 21. Visited 90000000 states. Current state: [3, 6, 10, 14, 15, 22, 24, 27, 28, 42, 44, 45, 48, 49, 50, 54, 56, 60, 70, 77, 80]
Queue length: 22. Visited 91000000 states. Current state: [3, 6, 10, 13, 14, 15, 18, 27, 28, 36, 39, 42, 45, 49, 50, 52, 56, 60, 70, 77, 80]
Queue length: 24. Visited 92000000 states. Current state: [3, 6, 7, 10, 12, 13, 14, 15, 22, 39, 45, 48, 50, 52, 54, 56, 60, 66, 70, 77, 80]
Queue length: 26. Visited 93000000 states. Current state: [3, 6, 7, 10, 11, 12, 13, 14, 15, 21, 39, 45, 48, 52, 54, 70, 72, 75, 77, 80]
Queue length: 22. Visited 94000000 states. Current state: [3, 6, 10, 12, 13, 15, 18, 24, 27, 45, 48, 52, 65, 72, 75, 78, 80]
Queue length: 24. Visited 95000000 states. Current state: [3, 6, 7, 9, 10, 11, 13, 15, 27, 36, 39, 45, 49, 52, 54, 63, 77, 80]
Queue length: 15. Visited 96000000 states. Current state: [3, 6, 7, 9, 10, 11, 14, 15, 18, 36, 42, 45, 56, 63, 77, 80]
Queue length: 21. Visited 97000000 states. Current state: [3, 6, 7, 9, 10, 13, 14, 15, 18, 21, 27, 36, 39, 45, 52, 55, 60, 80]
Queue length: 22. Visited 98000000 states. Current state: [3, 6, 7, 9, 10, 12, 13, 15, 24, 27, 28, 36, 39, 45, 49, 52, 56, 60, 63, 70, 77, 80]
Queue length: 22. Visited 99000000 states. Current state: [3, 6, 7, 9, 10, 12, 15, 18, 22, 24, 36, 45, 49, 63, 77, 80]
Queue length: 20. Visited 100000000 states. Current state: [10, 15, 30, 45, 49, 60, 70, 77, 80]
Queue length: 21. Visited 101000000 states. Current state: [3, 7, 10, 11, 14, 15, 21, 30, 36, 40, 44, 45, 48, 50, 54, 56, 60, 66, 70, 77, 80]
Queue length: 23. Visited 102000000 states. Current state: [3, 10, 11, 15, 18, 24, 27, 30, 36, 40, 45, 48, 55, 56, 63, 77, 80]
Queue length: 24. Visited 103000000 states. Current state: [3, 7, 10, 12, 13, 15, 24, 30, 36, 40, 45, 52, 54, 63, 65, 70, 80]
Queue length: 18. Visited 104000000 states. Current state: [3, 7, 10, 11, 12, 13, 14, 15, 18, 22, 27, 28, 30, 39, 40, 45, 49, 52, 54, 56, 63, 77, 80]
Queue length: 26. Visited 105000000 states. Current state: [3, 9, 10, 15, 28, 30, 40, 45, 50, 54, 56, 70, 72, 75, 77, 80]
Queue length: 17. Visited 106000000 states. Current state: [3, 9, 10, 15, 21, 30, 40, 42, 44, 45, 77, 80]
Queue length: 16. Visited 107000000 states. Current state: [3, 7, 9, 10, 14, 15, 18, 24, 30, 36, 40, 42, 45, 56, 70, 77, 80]
Queue length: 19. Visited 108000000 states. Current state: [3, 7, 9, 10, 11, 12, 13, 15, 27, 28, 30, 39, 40, 42, 44, 45, 52, 54, 55, 56, 66, 80]
Queue length: 16. Visited 109000000 states. Current state: [3, 7, 9, 10, 11, 12, 14, 15, 18, 30, 40, 42, 44, 45, 49, 56, 77, 80]
Queue length: 8. Visited 110000000 states. Current state: [3, 9, 10, 11, 12, 15, 18, 21, 22, 28, 30, 40, 42, 44, 45, 49, 55, 56, 63, 66, 70, 77, 80]
Queue length: 18. Visited 111000000 states. Current state: [3, 6, 7, 10, 11, 13, 14, 15, 24, 28, 30, 36, 39, 40, 44, 45, 48, 52, 54, 55, 63, 70, 77, 80]
Queue length: 25. Visited 112000000 states. Current state: [3, 6, 7, 10, 14, 15, 18, 27, 28, 30, 36, 40, 45, 48, 50, 54, 70, 75, 77, 80]
Queue length: 23. Visited 113000000 states. Current state: [3, 6, 10, 11, 12, 13, 15, 30, 39, 40, 45, 48, 52, 56, 63, 70, 77, 80]
Queue length: 20. Visited 114000000 states. Current state: [3, 6, 7, 10, 11, 12, 14, 15, 21, 22, 28, 30, 40, 45, 49, 50, 54, 60, 70, 77, 80]
Queue length: 18. Visited 115000000 states. Current state: [3, 6, 7, 10, 12, 15, 18, 22, 24, 27, 28, 30, 40, 44, 45, 49, 55, 56, 63, 77, 80]
Queue length: 19. Visited 116000000 states. Current state: [3, 6, 9, 10, 13, 15, 27, 28, 30, 36, 39, 40, 45, 48, 50, 52, 54, 56, 60, 63, 70, 77, 80]
Queue length: 21. Visited 117000000 states. Current state: [3, 6, 9, 10, 11, 14, 15, 18, 30, 36, 40, 45, 48, 54, 55, 63, 66, 77, 80]
^Cmain.rb:78:in `-': Interrupt
  from main.rb:78:in `block in each_candidate'
  from main.rb:63:in `map'
  from main.rb:63:in `each_candidate'
  from main.rb:115:in `count_given_last'
  from main.rb:128:in `block in main'
  from main.rb:126:in `each'
  from main.rb:126:in `main'
  from main.rb:133:in `block in <main>'
  from /Users/nma/.rvm/rubies/ruby-1.9.3-p327/lib/ruby/1.9.1/benchmark.rb:280:in `measure'
  from main.rb:133:in `<main>'
